1 
1.000000e-02 
1.830510e-03 
1.839164e-03 
1.847601e-03 
1.855789e-03 
1.863794e-03 
1.871631e-03 
1.878830e-03 
1.884722e-03 
1.889420e-03 
1.894237e-03 
1.900866e-03 
1.910575e-03 
1.924037e-03 
1.940399e-03 
1.955700e-03 
1.963892e-03 
1.961476e-03 
1.950906e-03 
1.938285e-03 
1.928141e-03 
1.920977e-03 
1.915000e-03 
1.909256e-03 
1.905828e-03 
1.909199e-03 
1.922324e-03 
1.942772e-03 
1.964014e-03 
1.981168e-03 
1.995075e-03 
2.010702e-03 
2.031076e-03 
2.052434e-03 
2.068457e-03 
2.083177e-03 
2.115659e-03 
2.182277e-03 
2.273622e-03 
2.358753e-03 
2.414084e-03 
2.435259e-03 
2.415898e-03 
2.334248e-03 
2.185110e-03 
2.021012e-03 
1.929037e-03 
1.940849e-03 
1.980910e-03 
1.944439e-03 
1.833516e-03 
1.768059e-03 
1.831916e-03 
1.955262e-03 
2.003078e-03 
1.938451e-03 
1.823782e-03 
1.694272e-03 
1.534482e-03 
1.378771e-03 
1.325611e-03 
1.417426e-03 
1.583904e-03 
1.735004e-03 
1.849536e-03 
1.952995e-03 
2.057936e-03 
2.133529e-03 
2.106625e-03 
1.921806e-03 
1.630735e-03 
1.363675e-03 
1.188425e-03 
1.091895e-03 
1.112361e-03 
1.310481e-03 
1.548468e-03 
1.527668e-03 
1.180787e-03 
7.942261e-04 
5.654062e-04 
2.882682e-04 
-2.763476e-04 
-9.493275e-04 
-1.354640e-03 
-1.414564e-03 
-1.302156e-03 
-1.038929e-03 
-5.018280e-04 
2.052784e-04 
7.069349e-04 
7.220936e-04 
2.683771e-04 
-4.868552e-04 
-1.346959e-03 
-2.022821e-03 
-2.183428e-03 
-1.740724e-03 
-1.021434e-03 
-5.143851e-04 
-3.897053e-04 
-3.187416e-04 
1.364684e-04 
9.255505e-04 
1.393880e-03 
8.758696e-04 
-6.199668e-04 
-2.456731e-03 
-4.126615e-03 
-5.732692e-03 
-7.434808e-03 
-8.558906e-03 
-7.877774e-03 
-5.147281e-03 
-1.876846e-03 
1.031935e-04 
5.860052e-04 
7.239986e-04 
1.022525e-03 
7.109256e-04 
-6.938226e-04 
-2.377863e-03 
-3.375052e-03 
-3.743711e-03 
-3.909589e-03 
-3.775233e-03 
-3.328470e-03 
-3.218068e-03 
-3.652224e-03 
-3.537045e-03 
-2.010932e-03 
-2.017012e-04 
7.765553e-05 
-9.374751e-04 
-1.200962e-03 
1.144748e-04 
1.528891e-03 
1.700681e-03 
1.346751e-03 
1.699690e-03 
2.337080e-03 
2.078708e-03 
1.443788e-03 
2.491859e-03 
5.873868e-03 
9.275532e-03 
9.699796e-03 
6.900517e-03 
3.765365e-03 
3.181543e-03 
5.004522e-03 
6.467758e-03 
5.364252e-03 
2.288183e-03 
-4.273383e-04 
-1.450375e-03 
-1.516253e-03 
-1.948045e-03 
-2.932702e-03 
-3.655646e-03 
-3.607556e-03 
-3.076409e-03 
-2.433082e-03 
-1.572801e-03 
-3.206180e-04 
1.071637e-03 
2.267223e-03 
3.322436e-03 
4.179277e-03 
3.987083e-03 
2.058387e-03 
-3.174305e-04 
-3.923975e-04 
2.768868e-03 
6.527880e-03 
7.376260e-03 
4.732252e-03 
8.648579e-04 
-2.259395e-03 
-4.518788e-03 
-6.375586e-03 
-7.768628e-03 
-8.583698e-03 
-9.088107e-03 
-9.489726e-03 
-9.693750e-03 
-9.614136e-03 
-9.277032e-03 
-8.725157e-03 
-8.169051e-03 
-7.911679e-03 
-7.831638e-03 
-7.481850e-03 
-7.045183e-03 
-7.537635e-03 
-9.648910e-03 
-1.298354e-02 
-1.674133e-02 
-2.040408e-02 
-2.339913e-02 
-2.484300e-02 
-2.418941e-02 
-2.198612e-02 
-2.012074e-02 
-2.141066e-02 
-2.767136e-02 
-3.671210e-02 
-4.217819e-02 
-3.881262e-02 
-2.821646e-02 
-1.751377e-02 
-1.189113e-02 
-1.033790e-02 
-9.226759e-03 
-7.541583e-03 
-6.696276e-03 
-7.025506e-03 
-7.221287e-03 
-6.900885e-03 
-7.347238e-03 
-9.172931e-03 
-1.082294e-02 
-1.003790e-02 
-5.857472e-03 
9.958725e-04 
8.632893e-03 
1.473904e-02 
1.794461e-02 
1.873755e-02 
1.831028e-02 
1.697179e-02 
1.493720e-02 
1.385594e-02 
1.532608e-02 
1.807522e-02 
1.903120e-02 
1.747104e-02 
1.577426e-02 
1.559202e-02 
1.570269e-02 
1.457373e-02 
1.282270e-02 
1.181135e-02 
1.138165e-02 
1.019160e-02 
7.231307e-03 
2.295541e-03 
-3.997035e-03 
-1.013904e-02 
-1.467712e-02 
-1.759551e-02 
-1.991625e-02 
-2.179554e-02 
-2.195875e-02 
-1.921643e-02 
-1.378461e-02 
-7.052210e-03 
-8.327899e-04 
3.072693e-03 
3.535564e-03 
1.055998e-03 
-2.135109e-03 
-3.568654e-03 
-2.515025e-03 
-3.954718e-04 
8.526954e-04 
4.301142e-04 
-1.439570e-03 
-4.147489e-03 
-5.988247e-03 
-3.827386e-03 
4.023262e-03 
1.426618e-02 
2.040037e-02 
1.937326e-02 
1.471477e-02 
1.161203e-02 
1.065396e-02 
8.796558e-03 
5.453720e-03 
4.297630e-03 
7.957170e-03 
1.335710e-02 
1.467568e-02 
1.018335e-02 
3.973857e-03 
1.005530e-03 
2.684407e-03 
7.740176e-03 
1.455060e-02 
2.056113e-02 
2.165664e-02 
1.541496e-02 
4.581170e-03 
-5.292734e-03 
-1.175033e-02 
-1.689427e-02 
-2.293288e-02 
-2.857990e-02 
-3.079062e-02 
-2.850691e-02 
-2.350369e-02 
-1.827614e-02 
-1.417486e-02 
-1.153929e-02 
-1.063821e-02 
-1.142838e-02 
-1.235434e-02 
-1.077102e-02 
-5.811376e-03 
-1.413868e-04 
2.586029e-03 
1.629132e-03 
-9.004368e-04 
-3.398901e-03 
-6.145221e-03 
-9.631977e-03 
-1.379844e-02 
-1.912115e-02 
-2.615645e-02 
-3.323211e-02 
-3.646799e-02 
-3.308769e-02 
-2.375078e-02 
-1.176582e-02 
-1.647996e-03 
2.033027e-03 
-2.795069e-03 
-1.362968e-02 
-2.600277e-02 
-3.822829e-02 
-5.065199e-02 
-6.011130e-02 
-5.978280e-02 
-4.721337e-02 
-2.914314e-02 
-1.494490e-02 
-7.604729e-03 
-4.598833e-03 
-5.047528e-03 
-1.040710e-02 
-1.814393e-02 
-2.044844e-02 
-1.205439e-02 
3.885183e-03 
2.033561e-02 
3.407137e-02 
4.583710e-02 
5.533196e-02 
6.056023e-02 
6.171247e-02 
6.140831e-02 
6.010230e-02 
5.472332e-02 
4.365065e-02 
3.060329e-02 
2.159236e-02 
1.930794e-02 
2.176013e-02 
2.535143e-02 
2.833459e-02 
3.184071e-02 
3.751592e-02 
4.354610e-02 
4.443384e-02 
3.692807e-02 
2.514737e-02 
1.699895e-02 
1.612294e-02 
2.028123e-02 
2.679522e-02 
3.538713e-02 
4.508885e-02 
5.236576e-02 
5.446594e-02 
5.265167e-02 
5.067272e-02 
5.136735e-02 
5.551506e-02 
6.245267e-02 
7.045754e-02 
7.715924e-02 
8.088496e-02 
8.206660e-02 
8.286430e-02 
8.485513e-02 
8.750652e-02 
8.988863e-02 
9.325902e-02 
9.979365e-02 
1.087235e-01 
1.165202e-01 
1.215347e-01 
1.250787e-01 
1.266260e-01 
1.219757e-01 
1.089003e-01 
9.112795e-02 
7.314966e-02 
5.323960e-02 
2.483300e-02 
-1.616806e-02 
-6.663449e-02 
-1.166789e-01 
-1.544950e-01 
-1.746345e-01 
-1.830916e-01 
-1.909258e-01 
-2.019377e-01 
-2.105948e-01 
-2.124041e-01 
-2.102173e-01 
-2.079948e-01 
-2.044347e-01 
-1.966206e-01 
-1.850678e-01 
-1.709455e-01 
-1.524697e-01 
-1.288476e-01 
-1.051165e-01 
-8.857530e-02 
-8.144885e-02 
-7.979902e-02 
-7.839123e-02 
-7.467646e-02 
-6.958627e-02 
-6.625896e-02 
-6.674391e-02 
-6.899306e-02 
-6.865744e-02 
-6.417333e-02 
-5.761117e-02 
-4.998823e-02 
-3.892682e-02 
-2.269597e-02 
-4.106408e-03 
1.188063e-02 
2.354387e-02 
3.427769e-02 
4.989868e-02 
7.442997e-02 
1.071326e-01 
1.425552e-01 
1.739032e-01 
1.971684e-01 
2.126978e-01 
2.233920e-01 
2.314023e-01 
2.362817e-01 
2.367710e-01 
2.339407e-01 
2.296243e-01 
2.202427e-01 
1.963922e-01 
1.534005e-01 
9.996950e-02 
5.108381e-02 
1.389964e-02 
-1.433780e-02 
-3.740077e-02 
-5.681595e-02 
-7.575911e-02 
-9.671883e-02 
-1.143116e-01 
-1.191467e-01 
-1.110070e-01 
-1.003818e-01 
-9.461730e-02 
-9.020473e-02 
-8.161908e-02 
-7.021248e-02 
-6.034770e-02 
-5.297781e-02 
-4.740182e-02 
-4.476924e-02 
-4.605499e-02 
-4.968828e-02 
-5.350492e-02 
-5.648486e-02 
-5.778845e-02 
-5.686380e-02 
-5.421163e-02 
-4.899480e-02 
-3.738715e-02 
-1.742204e-02 
6.254097e-03 
2.726840e-02 
4.533756e-02 
6.370075e-02 
8.045946e-02 
8.912780e-02 
8.794754e-02 
8.296172e-02 
8.086027e-02 
8.275092e-02 
8.542370e-02 
8.571272e-02 
8.356542e-02 
8.221487e-02 
8.342969e-02 
8.181167e-02 
6.862885e-02 
4.411878e-02 
2.034111e-02 
6.996835e-03 
-6.511255e-04 
-1.422150e-02 
-3.707893e-02 
-6.239213e-02 
-8.166384e-02 
-8.888333e-02 
-8.117770e-02 
-6.361105e-02 
-5.014235e-02 
-5.105318e-02 
-6.044909e-02 
-6.343437e-02 
-5.433810e-02 
-4.024105e-02 
-2.739765e-02 
-1.320692e-02 
6.113960e-03 
2.720346e-02 
4.297159e-02 
5.031123e-02 
5.176690e-02 
5.279037e-02 
5.897577e-02 
7.210690e-02 
8.652310e-02 
9.276321e-02 
8.765996e-02 
7.833479e-02 
7.384973e-02 
7.584501e-02 
8.032446e-02 
8.508492e-02 
8.996714e-02 
9.124933e-02 
8.214119e-02 
6.058707e-02 
3.243225e-02 
4.935223e-03 
-1.953899e-02 
-4.148105e-02 
-5.964632e-02 
-7.226120e-02 
-8.093824e-02 
-8.902906e-02 
-9.580772e-02 
-9.599147e-02 
-8.693954e-02 
-7.377013e-02 
-6.448157e-02 
-6.131885e-02 
-6.021561e-02 
-5.805186e-02 
-5.600036e-02 
-5.457242e-02 
-5.007349e-02 
-3.948358e-02 
-2.612719e-02 
-1.695253e-02 
-1.559898e-02 
-2.062193e-02 
-2.892609e-02 
-3.853634e-02 
-4.919787e-02 
-6.199335e-02 
-7.751661e-02 
-9.417033e-02 
-1.098952e-01 
-1.247870e-01 
-1.393492e-01 
-1.516899e-01 
-1.600982e-01 
-1.658420e-01 
-1.680741e-01 
-1.592265e-01 
-1.335860e-01 
-9.889381e-02 
-7.043601e-02 
-5.336839e-02 
-3.882988e-02 
-1.764193e-02 
1.008160e-02 
3.888326e-02 
6.308246e-02 
7.694937e-02 
7.726126e-02 
6.736472e-02 
5.369465e-02 
3.867418e-02 
2.205380e-02 
7.427970e-03 
9.400719e-04 
3.705660e-03 
1.033862e-02 
1.493775e-02 
1.601013e-02 
1.702544e-02 
2.320459e-02 
3.401390e-02 
3.813064e-02 
2.231417e-02 
-1.177954e-02 
-4.563307e-02 
-6.203469e-02 
-5.966166e-02 
-4.696736e-02 
-2.897646e-02 
-5.797438e-03 
2.081055e-02 
4.600250e-02 
6.588423e-02 
7.962081e-02 
8.818714e-02 
9.230853e-02 
9.069489e-02 
8.057414e-02 
6.177407e-02 
3.946789e-02 
2.036889e-02 
6.734027e-03 
-3.737876e-03 
-1.315199e-02 
-2.104039e-02 
-2.583707e-02 
-2.635128e-02 
-2.228469e-02 
-1.495113e-02 
-6.760797e-03 
1.146777e-03 
9.489814e-03 
1.800278e-02 
2.397414e-02 
2.546785e-02 
2.433439e-02 
2.372206e-02 
2.329311e-02 
1.956636e-02 
1.118060e-02 
1.202916e-03 
-6.801342e-03 
-1.249761e-02 
-1.640040e-02 
-1.581583e-02 
-7.024734e-03 
8.310957e-03 
2.247496e-02 
2.901361e-02 
2.822000e-02 
2.369857e-02 
1.640924e-02 
5.574135e-03 
-5.890801e-03 
-1.129590e-02 
-7.135261e-03 
2.252864e-03 
9.096819e-03 
1.025319e-02 
9.013257e-03 
9.734567e-03 
1.359283e-02 
2.023947e-02 
3.036982e-02 
4.387362e-02 
5.715583e-02 
6.559699e-02 
6.857087e-02 
6.953228e-02 
7.082725e-02 
7.031769e-02 
6.375987e-02 
4.963443e-02 
3.155440e-02 
1.618631e-02 
7.923241e-03 
5.132033e-03 
2.794570e-03 
-9.543613e-04 
-2.849593e-03 
5.944719e-04 
8.875331e-03 
1.924082e-02 
2.963533e-02 
3.807160e-02 
4.201943e-02 
4.123434e-02 
3.925999e-02 
3.945544e-02 
4.103051e-02 
4.145588e-02 
4.130248e-02 
4.378694e-02 
5.010699e-02 
5.777932e-02 
6.365131e-02 
6.672791e-02 
6.793113e-02 
6.856670e-02 
6.939339e-02 
7.040318e-02 
7.130061e-02 
7.230393e-02 
7.388711e-02 
7.545515e-02 
7.521467e-02 
7.202491e-02 
6.659559e-02 
6.029579e-02 
5.369045e-02 
4.691786e-02 
4.042448e-02 
3.419515e-02 
2.689611e-02 
1.702838e-02 
4.905540e-03 
-7.258213e-03 
-1.737560e-02 
-2.526177e-02 
-3.235766e-02 
-4.002401e-02 
-4.864143e-02 
-5.854022e-02 
-7.086775e-02 
-8.623462e-02 
-1.029993e-01 
-1.187458e-01 
-1.334296e-01 
-1.487860e-01 
-1.642725e-01 
-1.763722e-01 
-1.831611e-01 
-1.869432e-01 
-1.906550e-01 
-1.939686e-01 
-1.947930e-01 
-1.922562e-01 
-1.857824e-01 
-1.731129e-01 
-1.521455e-01 
-1.241966e-01 
-9.357474e-02 
-6.439041e-02 
-3.893082e-02 
-1.817127e-02 
-2.061708e-03 
1.076657e-02 
2.252719e-02 
3.480527e-02 
4.734763e-02 
5.860832e-02 
6.822315e-02 
7.864836e-02 
9.285349e-02 
1.101832e-01 
1.262644e-01 
1.372457e-01 
1.418496e-01 
1.389835e-01 
1.270380e-01 
1.077806e-01 
8.798537e-02 
7.385493e-02 
6.491312e-02 
5.564793e-02 
4.217489e-02 
2.551017e-02 
9.536958e-03 
-2.215167e-03 
-8.537925e-03 
-1.109102e-02 
-1.279836e-02 
-1.486927e-02 
-1.601752e-02 
-1.514038e-02 
-1.364557e-02 
-1.422168e-02 
-1.817923e-02 
-2.484052e-02 
-3.279796e-02 
-4.089694e-02 
-4.834306e-02 
-5.427607e-02 
-5.688925e-02 
-5.320393e-02 
-4.118608e-02 
-2.287796e-02 
-4.273102e-03 
9.186285e-03 
1.660025e-02 
2.050240e-02 
2.290725e-02 
2.395033e-02 
2.370406e-02 
2.316591e-02 
2.310649e-02 
2.362324e-02 
2.533830e-02 
2.938661e-02 
3.528820e-02 
4.005051e-02 
4.037089e-02 
3.511375e-02 
2.546184e-02 
1.386733e-02 
3.046705e-03 
-5.679169e-03 
-1.368885e-02 
-2.316622e-02 
-3.337574e-02 
-4.061166e-02 
-4.245301e-02 
-3.984837e-02 
-3.406679e-02 
-2.442252e-02 
-1.118444e-02 
1.589499e-03 
9.162407e-03 
1.107695e-02 
1.065108e-02 
1.053610e-02 
1.122464e-02 
1.303875e-02 
1.659572e-02 
2.127051e-02 
2.585288e-02 
3.128402e-02 
4.042730e-02 
5.379784e-02 
6.658647e-02 
7.102241e-02 
6.197625e-02 
4.110210e-02 
1.648307e-02 
-2.481576e-03 
-1.166142e-02 
-1.449053e-02 
-1.759624e-02 
-2.456362e-02 
-3.423960e-02 
-4.370657e-02 
-5.118305e-02 
-5.647542e-02 
-6.052482e-02 
-6.515457e-02 
-7.227716e-02 
-8.248991e-02 
-9.429488e-02 
-1.046274e-01 
-1.103493e-01 
-1.099104e-01 
-1.039194e-01 
-9.388616e-02 
-8.075340e-02 
-6.559093e-02 
-5.136084e-02 
-4.200702e-02 
-3.869216e-02 
-3.810116e-02 
-3.570638e-02 
-3.006676e-02 
-2.287504e-02 
-1.559404e-02 
-7.823560e-03 
7.967388e-04 
8.676985e-03 
1.357510e-02 
1.554194e-02 
1.746272e-02 
2.207741e-02 
2.887839e-02 
3.466804e-02 
3.692141e-02 
3.536665e-02 
3.001442e-02 
1.967478e-02 
4.476862e-03 
-1.115639e-02 
-2.081904e-02 
-2.183652e-02 
-1.676306e-02 
-9.099709e-03 
-2.874703e-05 
9.997635e-03 
1.939132e-02 
2.696167e-02 
3.320323e-02 
3.839567e-02 
4.151974e-02 
4.265686e-02 
4.378966e-02 
4.492904e-02 
4.233524e-02 
3.387846e-02 
2.370706e-02 
1.769461e-02 
1.622839e-02 
1.569218e-02 
1.500604e-02 
1.514944e-02 
1.321656e-02 
3.633146e-03 
-1.324922e-02 
-2.937920e-02 
-3.835580e-02 
-4.223842e-02 
-4.643562e-02 
-5.185460e-02 
-5.556747e-02 
-5.623490e-02 
-5.487633e-02 
-5.173515e-02 
-4.591559e-02 
-3.781578e-02 
-2.946000e-02 
-2.239505e-02 
-1.666120e-02 
-1.136126e-02 
-5.109428e-03 
3.188582e-03 
1.268138e-02 
2.067017e-02 
2.582828e-02 
3.034969e-02 
3.712348e-02 
4.550791e-02 
5.180927e-02 
5.348903e-02 
5.093654e-02 
4.541588e-02 
3.762130e-02 
2.866045e-02 
2.030256e-02 
1.321706e-02 
6.369834e-03 
-9.864787e-04 
-7.843780e-03 
-1.248981e-02 
-1.380331e-02 
-1.114042e-02 
-4.626666e-03 
3.463341e-03 
8.993159e-03 
8.891006e-03 
3.249792e-03 
-5.762197e-03 
-1.584321e-02 
-2.502528e-02 
-3.189113e-02 
-3.654212e-02 
-4.055493e-02 
-4.528306e-02 
-5.079066e-02 
-5.639769e-02 
-6.108082e-02 
-6.354060e-02 
-6.355401e-02 
-6.306925e-02 
-6.377495e-02 
-6.357706e-02 
-5.823776e-02 
-4.713995e-02 
-3.460033e-02 
-2.428250e-02 
-1.503237e-02 
-3.839956e-03 
9.617294e-03 
2.348779e-02 
3.680062e-02 
4.982815e-02 
6.270023e-02 
7.535988e-02 
8.769365e-02 
9.846035e-02 
1.055502e-01 
1.084930e-01 
1.090688e-01 
1.083188e-01 
1.048975e-01 
9.786740e-02 
8.933585e-02 
8.275828e-02 
8.008383e-02 
8.165535e-02 
8.695872e-02 
9.390963e-02 
9.893105e-02 
9.914582e-02 
9.353340e-02 
8.185226e-02 
6.482435e-02 
4.604511e-02 
3.076246e-02 
2.097197e-02 
1.372847e-02 
5.629454e-03 
-3.187146e-03 
-1.084737e-02 
-1.702393e-02 
-2.219039e-02 
-2.518988e-02 
-2.394002e-02 
-1.833492e-02 
-1.126327e-02 
-6.663298e-03 
-6.370856e-03 
-8.014573e-03 
-6.361188e-03 
1.761131e-03 
1.373479e-02 
2.346153e-02 
2.721169e-02 
2.607305e-02 
2.343832e-02 
2.217693e-02 
2.405101e-02 
2.941138e-02 
3.651894e-02 
4.263313e-02 
4.660049e-02 
4.954866e-02 
5.283946e-02 
5.637707e-02 
5.907444e-02 
5.981056e-02 
5.762594e-02 
5.220040e-02 
4.480998e-02 
3.791014e-02 
3.290575e-02 
2.872536e-02 
2.319031e-02 
1.548407e-02 
6.829087e-03 
-7.601285e-04 
-5.687980e-03 
-7.243738e-03 
-6.119872e-03 
-4.688600e-03 
-5.658792e-03 
-9.609922e-03 
-1.410618e-02 
-1.565238e-02 
-1.253119e-02 
-5.967607e-03 
9.578263e-04 
5.707483e-03 
8.287913e-03 
1.081411e-02 
1.462520e-02 
1.847278e-02 
2.059303e-02 
2.174055e-02 
2.411423e-02 
2.724210e-02 
2.718797e-02 
2.083455e-02 
9.271870e-03 
-4.173543e-03 
-1.764338e-02 
-3.078812e-02 
-4.237128e-02 
-5.029592e-02 
-5.421392e-02 
-5.625251e-02 
-5.843688e-02 
-6.069859e-02 
-6.232165e-02 
-6.415371e-02 
-6.788255e-02 
-7.358287e-02 
-7.952345e-02 
-8.446564e-02 
-8.870584e-02 
-9.242953e-02 
-9.455068e-02 
-9.398395e-02 
-9.112553e-02 
-8.728855e-02 
-8.342529e-02 
-8.006857e-02 
-7.760885e-02 
-7.567766e-02 
-7.288378e-02 
-6.799060e-02 
-6.087395e-02 
-5.195045e-02 
-4.181811e-02 
-3.227020e-02 
-2.616677e-02 
-2.453848e-02 
-2.457395e-02 
-2.234454e-02 
-1.738056e-02 
-1.312104e-02 
-1.301223e-02 
-1.744156e-02 
-2.407271e-02 
-2.953573e-02 
-3.099156e-02 
-2.799307e-02 
-2.335131e-02 
-2.092113e-02 
-2.215094e-02 
-2.553607e-02 
-2.895104e-02 
-3.118278e-02 
-3.172931e-02 
-3.084597e-02 
-2.952527e-02 
-2.792517e-02 
-2.457300e-02 
-1.903952e-02 
-1.427904e-02 
-1.343435e-02 
-1.483194e-02 
-1.327574e-02 
-6.218660e-03 
4.426166e-03 
1.644303e-02 
2.947586e-02 
4.227316e-02 
5.136907e-02 
5.418472e-02 
5.109019e-02 
4.349857e-02 
3.244200e-02 
1.987433e-02 
8.656397e-03 
-6.470319e-05 
-7.383410e-03 
-1.371400e-02 
-1.758867e-02 
-1.828078e-02 
-1.739145e-02 
-1.663884e-02 
-1.587638e-02 
-1.437198e-02 
-1.245039e-02 
-1.080586e-02 
-9.429865e-03 
-8.091624e-03 
-6.921465e-03 
-5.954394e-03 
-4.971523e-03 
-4.134337e-03 
-3.932620e-03 
-4.314823e-03 
-4.734030e-03 
-5.147250e-03 
-6.020730e-03 
-7.163666e-03 
-7.423240e-03 
-5.732830e-03 
-1.760966e-03 
4.409574e-03 
1.216355e-02 
1.968769e-02 
2.460821e-02 
2.608268e-02 
2.558958e-02 
2.504505e-02 
2.489047e-02 
2.474727e-02 
2.492242e-02 
2.583602e-02 
2.661580e-02 
2.621901e-02 
2.599161e-02 
2.909339e-02 
3.672419e-02 
4.661202e-02 
5.584181e-02 
6.317724e-02 
6.766593e-02 
6.747659e-02 
6.227452e-02 
5.503501e-02 
4.905511e-02 
4.410239e-02 
3.757025e-02 
2.851180e-02 
1.841625e-02 
8.739879e-03 
-8.093350e-05 
-7.404178e-03 
-1.214667e-02 
-1.407072e-02 
-1.424468e-02 
-1.413002e-02 
-1.445445e-02 
-1.424151e-02 
-1.083076e-02 
-2.388249e-03 
9.097489e-03 
1.913851e-02 
2.584300e-02 
3.174095e-02 
3.958023e-02 
4.850304e-02 
5.585754e-02 
6.086692e-02 
6.470506e-02 
6.808541e-02 
6.999862e-02 
6.795960e-02 
5.924804e-02 
4.357902e-02 
2.491379e-02 
8.695256e-03 
-3.220805e-03 
-1.317918e-02 
-2.337028e-02 
-3.336334e-02 
-4.222023e-02 
-5.014491e-02 
-5.691670e-02 
-6.112303e-02 
-6.235292e-02 
-6.243853e-02 
-6.345012e-02 
-6.594759e-02 
-6.984924e-02 
-7.517025e-02 
-8.086309e-02 
-8.452994e-02 
-8.457207e-02 
-8.163605e-02 
-7.698933e-02 
-7.048403e-02 
-6.130866e-02 
-5.011964e-02 
-3.904329e-02 
-2.936379e-02 
-2.020282e-02 
-1.022806e-02 
-2.406088e-04 
7.065845e-03 
1.034714e-02 
1.173633e-02 
1.480933e-02 
2.080761e-02 
2.770272e-02 
3.266005e-02 
3.444363e-02 
3.359737e-02 
3.146549e-02 
2.936341e-02 
2.786484e-02 
2.640527e-02 
2.393402e-02 
2.014936e-02 
1.575264e-02 
1.141580e-02 
6.958492e-03 
1.869520e-03 
-3.478981e-03 
-7.379251e-03 
-7.776394e-03 
-3.985040e-03 
2.492907e-03 
9.045103e-03 
1.392010e-02 
1.707388e-02 
1.935934e-02 
2.148058e-02 
2.377270e-02 
2.627416e-02 
2.855914e-02 
2.988774e-02 
2.990426e-02 
2.898211e-02 
2.776946e-02 
2.672115e-02 
2.598270e-02 
2.506065e-02 
2.264576e-02 
1.777949e-02 
1.151313e-02 
6.396415e-03 
3.817596e-03 
2.756352e-03 
1.523517e-03 
-5.922293e-04 
-4.067464e-03 
-9.792345e-03 
-1.730705e-02 
-2.344646e-02 
-2.468639e-02 
-2.061927e-02 
-1.376562e-02 
-6.381388e-03 
1.037379e-03 
8.374075e-03 
1.477968e-02 
1.937897e-02 
2.202730e-02 
2.301965e-02 
2.275451e-02 
2.181996e-02 
2.077780e-02 
1.971891e-02 
1.841650e-02 
1.687763e-02 
1.543583e-02 
1.443542e-02 
1.403951e-02 
1.408845e-02 
1.397001e-02 
1.294339e-02 
1.072319e-02 
7.465834e-03 
3.351283e-03 
-1.233360e-03 
-5.309344e-03 
-8.082845e-03 
-1.025311e-02 
-1.363863e-02 
-1.909633e-02 
-2.534831e-02 
-3.004190e-02 
-3.151710e-02 
-2.963245e-02 
-2.555811e-02 
-2.084772e-02 
-1.627063e-02 
-1.167431e-02 
-7.284330e-03 
-4.480011e-03 
-4.490700e-03 
-6.839786e-03 
-9.997714e-03 
-1.319410e-02 
-1.672482e-02 
-2.085889e-02 
-2.527958e-02 
-2.919617e-02 
-3.123097e-02 
-2.979908e-02 
-2.465396e-02 
-1.769196e-02 
-1.123488e-02 
-5.791495e-03 
-4.094146e-04 
5.140057e-03 
9.717562e-03 
1.237716e-02 
1.352538e-02 
1.416763e-02 
1.468897e-02 
1.480584e-02 
1.434396e-02 
1.369799e-02 
1.369127e-02 
1.517212e-02 
1.849370e-02 
2.300478e-02 
2.710811e-02 
2.929140e-02 
2.940314e-02 
2.873851e-02 
2.868680e-02 
2.950526e-02 
3.054685e-02 
3.123773e-02 
3.143105e-02 
3.116606e-02 
3.050964e-02 
2.922648e-02 
2.617933e-02 
1.981065e-02 
1.021256e-02 
2.631860e-04 
-6.523653e-03 
-9.252230e-03 
-9.793870e-03 
-9.894829e-03 
-9.502440e-03 
-8.176409e-03 
-6.648813e-03 
-5.965688e-03 
-5.893450e-03 
-5.252984e-03 
-3.581520e-03 
-1.673245e-03 
-5.575165e-04 
-5.974112e-04 
-1.679830e-03 
-3.696946e-03 
-6.364217e-03 
-8.676785e-03 
-9.085424e-03 
-6.725045e-03 
-2.519833e-03 
1.337900e-03 
3.259269e-03 
3.377288e-03 
2.713318e-03 
1.835233e-03 
8.608885e-04 
2.313533e-04 
4.793351e-04 
1.209316e-03 
1.112240e-03 
-7.521990e-04 
-4.188897e-03 
-8.484080e-03 
-1.321488e-02 
-1.819042e-02 
-2.305467e-02 
-2.734448e-02 
-3.085374e-02 
-3.381487e-02 
-3.675916e-02 
-4.006259e-02 
-4.342224e-02 
-4.588905e-02 
-4.662327e-02 
-4.552202e-02 
-4.310749e-02 
-4.026671e-02 
-3.829257e-02 
-3.844107e-02 
-4.071074e-02 
-4.344762e-02 
-4.492586e-02 
-4.510852e-02 
-4.515446e-02 
-4.550841e-02 
-4.546193e-02 
-4.445991e-02 
-4.256563e-02 
-3.930888e-02 
-3.341265e-02 
-2.467523e-02 
-1.529348e-02 
-8.136819e-03 
-4.101403e-03 
-2.204373e-03 
-1.772519e-03 
-2.962225e-03 
-5.033701e-03 
-5.823002e-03 
-3.802909e-03 
3.695287e-04 
5.136872e-03 
9.894334e-03 
1.467090e-02 
1.888478e-02 
2.166715e-02 
2.300494e-02 
2.350521e-02 
2.331593e-02 
2.225849e-02 
2.077737e-02 
1.970258e-02 
1.906601e-02 
1.804817e-02 
1.615538e-02 
1.365974e-02 
1.088118e-02 
8.031906e-03 
6.037634e-03 
6.425974e-03 
9.582793e-03 
1.376138e-02 
1.676630e-02 
1.832912e-02 
1.986511e-02 
2.200364e-02 
2.357523e-02 
2.349088e-02 
2.252065e-02 
2.224676e-02 
2.291625e-02 
2.342787e-02 
2.307161e-02 
2.211743e-02 
2.085881e-02 
1.937278e-02 
1.834985e-02 
1.880373e-02 
2.044660e-02 
2.150657e-02 
2.078757e-02 
1.881113e-02 
1.619115e-02 
1.216517e-02 
6.044707e-03 
-8.087229e-04 
-6.060389e-03 
-9.061270e-03 
-1.097014e-02 
-1.245426e-02 
-1.282625e-02 
-1.162607e-02 
-9.610218e-03 
-7.627662e-03 
-5.587075e-03 
-3.168638e-03 
-7.745350e-04 
9.310502e-04 
2.085923e-03 
3.755904e-03 
7.005159e-03 
1.181521e-02 
1.677588e-02 
2.007278e-02 
2.110327e-02 
2.090940e-02 
2.076122e-02 
2.074570e-02 
2.011403e-02 
1.855324e-02 
1.649503e-02 
1.441645e-02 
1.242699e-02 
1.045595e-02 
8.437394e-03 
6.359413e-03 
4.329377e-03 
2.453825e-03 
5.940538e-04 
-1.578202e-03 
-4.430254e-03 
-8.565234e-03 
-1.461070e-02 
-2.183721e-02 
-2.726849e-02 
-2.759019e-02 
-2.240807e-02 
-1.465057e-02 
-7.369671e-03 
-1.115076e-03 
5.163953e-03 
1.186933e-02 
1.832979e-02 
2.376271e-02 
2.756236e-02 
2.902878e-02 
2.777497e-02 
2.434459e-02 
1.981376e-02 
1.491478e-02 
1.010017e-02 
6.275795e-03 
4.738599e-03 
6.212756e-03 
1.033191e-02 
1.608099e-02 
2.226687e-02 
2.749084e-02 
3.037374e-02 
3.045321e-02 
2.865157e-02 
2.625110e-02 
2.338660e-02 
1.909053e-02 
1.293059e-02 
5.958474e-03 
-3.417667e-04 
-5.527918e-03 
-1.010645e-02 
-1.440113e-02 
-1.819015e-02 
-2.128088e-02 
-2.379444e-02 
-2.589720e-02 
-2.772053e-02 
-2.949051e-02 
-3.130504e-02 
-3.285106e-02 
-3.368296e-02 
-3.360952e-02 
-3.246866e-02 
-2.984979e-02 
-2.558298e-02 
-2.029265e-02 
-1.488876e-02 
-9.586456e-03 
-3.939873e-03 
2.167079e-03 
8.022932e-03 
1.273182e-02 
1.619733e-02 
1.941702e-02 
2.366983e-02 
2.906399e-02 
3.385671e-02 
3.570931e-02 
3.389282e-02 
2.996069e-02 
2.611799e-02 
2.332355e-02 
2.111090e-02 
1.865984e-02 
1.555881e-02 
1.182940e-02 
7.722911e-03 
3.523036e-03 
-6.418013e-04 
-4.780960e-03 
-8.807076e-03 
-1.249467e-02 
-1.579448e-02 
-1.907519e-02 
-2.286798e-02 
-2.729337e-02 
-3.174319e-02 
-3.518561e-02 
-3.686544e-02 
-3.678914e-02 
-3.564439e-02 
-3.434582e-02 
-3.349160e-02 
-3.287975e-02 
-3.147850e-02 
-2.824980e-02 
-2.322753e-02 
-1.751547e-02 
-1.204974e-02 
-6.732142e-03 
-1.136211e-03 
4.222709e-03 
7.891009e-03 
8.934653e-03 
8.143029e-03 
7.460497e-03 
8.092586e-03 
9.349930e-03 
9.586870e-03 
8.073231e-03 
5.496087e-03 
2.800871e-03 
3.356024e-04 
-1.709128e-03 
-2.929622e-03 
-3.381263e-03 
-4.014312e-03 
-5.756772e-03 
-8.488505e-03 
-1.141041e-02 
-1.399547e-02 
-1.594030e-02 
-1.650454e-02 
-1.474912e-02 
-1.063567e-02 
-5.442365e-03 
-8.285994e-04 
2.349483e-03 
4.205349e-03 
5.130094e-03 
5.352223e-03 
5.136725e-03 
4.870884e-03 
4.645468e-03 
4.206445e-03 
3.850919e-03 
5.003152e-03 
9.094770e-03 
1.584598e-02 
2.326926e-02 
2.941069e-02 
3.357367e-02 
3.597567e-02 
3.702042e-02 
3.700925e-02 
3.574225e-02 
3.210790e-02 
2.484345e-02 
1.425622e-02 
2.719349e-03 
-7.078223e-03 
-1.417270e-02 
-1.933779e-02 
-2.345766e-02 
-2.644375e-02 
-2.774798e-02 
-2.747478e-02 
-2.663697e-02 
-2.629720e-02 
-2.666810e-02 
-2.723918e-02 
-2.765270e-02 
-2.806663e-02 
-2.857914e-02 
-2.872473e-02 
-2.786082e-02 
-2.582745e-02 
-2.296243e-02 
-1.970046e-02 
-1.646419e-02 
-1.372219e-02 
-1.173224e-02 
-1.030643e-02 
-9.205945e-03 
-8.731301e-03 
-9.513856e-03 
-1.164029e-02 
-1.435234e-02 
-1.681184e-02 
-1.887580e-02 
-2.081377e-02 
-2.243957e-02 
-2.300113e-02 
-2.210449e-02 
-2.039351e-02 
-1.889635e-02 
-1.778311e-02 
-1.618750e-02 
-1.328036e-02 
-9.049269e-03 
-3.927279e-03 
1.682526e-03 
7.073923e-03 
1.107829e-02 
1.308157e-02 
1.399279e-02 
1.542802e-02 
1.792532e-02 
2.052230e-02 
2.199940e-02 
2.191273e-02 
2.048312e-02 
1.819172e-02 
1.561163e-02 
1.306690e-02 
1.030542e-02 
6.922827e-03 
3.103118e-03 
-5.511160e-04 
-3.882864e-03 
-7.237117e-03 
-1.052725e-02 
-1.288454e-02 
-1.360602e-02 
-1.304892e-02 
-1.221427e-02 
-1.169532e-02 
-1.137602e-02 
-1.099696e-02 
-1.062125e-02 
-1.045585e-02 
-1.041430e-02 
-1.001594e-02 
-8.758226e-03 
-6.625201e-03 
-4.231422e-03 
-2.362193e-03 
-1.277509e-03 
-5.344290e-04 
4.118608e-04 
1.533332e-03 
2.300693e-03 
2.311448e-03 
1.625657e-03 
5.609925e-04 
-5.779972e-04 
-1.620618e-03 
-2.649448e-03 
-3.932059e-03 
-5.481007e-03 
-6.892018e-03 
-8.018952e-03 
-9.501830e-03 
-1.189267e-02 
-1.433404e-02 
-1.493869e-02 
-1.269267e-02 
-8.373579e-03 
-3.513529e-03 
8.101656e-04 
4.055653e-03 
6.084042e-03 
7.467005e-03 
9.245850e-03 
1.187060e-02 
1.487385e-02 
1.785647e-02 
2.107253e-02 
2.463269e-02 
2.790442e-02 
3.028507e-02 
3.191740e-02 
3.303959e-02 
3.329329e-02 
3.241547e-02 
3.107504e-02 
3.020868e-02 
2.989812e-02 
2.963553e-02 
2.930595e-02 
2.906555e-02 
2.851753e-02 
2.691518e-02 
2.415096e-02 
2.082542e-02 
1.736920e-02 
1.372550e-02 
9.815841e-03 
5.712048e-03 
1.490308e-03 
-2.453455e-03 
-5.169455e-03 
-5.992644e-03 
-5.441613e-03 
-4.495989e-03 
-3.194688e-03 
-8.647261e-04 
2.456891e-03 
5.931216e-03 
9.204755e-03 
1.261856e-02 
1.602160e-02 
1.858966e-02 
2.014763e-02 
2.152995e-02 
2.316001e-02 
2.426881e-02 
2.402047e-02 
2.252671e-02 
2.033239e-02 
1.785994e-02 
1.584957e-02 
1.530289e-02 
1.621989e-02 
1.720982e-02 
1.717112e-02 
1.670432e-02 
1.704048e-02 
1.814593e-02 
1.885000e-02 
1.856761e-02 
1.798463e-02 
1.804808e-02 
1.897955e-02 
2.038369e-02 
2.179894e-02 
2.297292e-02 
2.392531e-02 
2.487264e-02 
2.589663e-02 
2.666822e-02 
2.671030e-02 
2.595952e-02 
2.486908e-02 
2.390765e-02 
2.312981e-02 
2.232749e-02 
2.144338e-02 
2.063711e-02 
1.994763e-02 
1.910904e-02 
1.786759e-02 
1.634805e-02 
1.481398e-02 
1.309256e-02 
1.061432e-02 
7.183761e-03 
3.335170e-03 
-3.724819e-04 
-4.122192e-03 
-8.514428e-03 
-1.367495e-02 
-1.908795e-02 
-2.421604e-02 
-2.889558e-02 
-3.318287e-02 
-3.718241e-02 
-4.099583e-02 
-4.444769e-02 
-4.683595e-02 
-4.733872e-02 
-4.582756e-02 
-4.304984e-02 
-3.993114e-02 
-3.690348e-02 
-3.393780e-02 
-3.091740e-02 
-2.781009e-02 
-2.470122e-02 
-2.188806e-02 
-1.984625e-02 
-1.890863e-02 
-1.898650e-02 
-1.970818e-02 
-2.076066e-02 
-2.191298e-02 
-2.275059e-02 
-2.273897e-02 
-2.176036e-02 
-2.032050e-02 
-1.891764e-02 
-1.744615e-02 
-1.563824e-02 
-1.386731e-02 
-1.288939e-02 
-1.278882e-02 
-1.278446e-02 
-1.222096e-02 
-1.125893e-02 
-1.044742e-02 
-1.007734e-02 
-1.011159e-02 
-1.035786e-02 
-1.056444e-02 
-1.061807e-02 
-1.065286e-02 
-1.074617e-02 
-1.071740e-02 
-1.055638e-02 
-1.072612e-02 
-1.155976e-02 
-1.263376e-02 
-1.322627e-02 
-1.314034e-02 
-1.267629e-02 
-1.213860e-02 
-1.175520e-02 
-1.168439e-02 
-1.177153e-02 
-1.172114e-02 
-1.161386e-02 
-1.149026e-02 
-1.028947e-02 
-6.347424e-03 
4.381838e-04 
7.858085e-03 
1.348306e-02 
1.682462e-02 
1.893329e-02 
2.066355e-02 
2.200782e-02 
2.260129e-02 
2.224491e-02 
2.108740e-02 
1.949286e-02 
1.762526e-02 
1.539541e-02 
1.312550e-02 
1.179428e-02 
1.201258e-02 
1.313093e-02 
1.396612e-02 
1.404174e-02 
1.361396e-02 
1.299140e-02 
1.229447e-02 
1.121141e-02 
8.566924e-03 
3.084657e-03 
-4.750652e-03 
-1.250235e-02 
-1.819350e-02 
-2.205541e-02 
-2.526048e-02 
-2.802731e-02 
-2.993054e-02 
-3.112985e-02 
-3.217277e-02 
-3.316064e-02 
-3.400036e-02 
-3.494526e-02 
-3.607350e-02 
-3.667037e-02 
-3.586600e-02 
-3.362431e-02 
-3.061869e-02 
-2.742392e-02 
-2.419098e-02 
-2.080844e-02 
-1.706049e-02 
-1.284309e-02 
-8.396232e-03 
-4.131859e-03 
-1.976753e-04 
3.554845e-03 
7.206760e-03 
1.060095e-02 
1.343565e-02 
1.532066e-02 
1.594010e-02 
1.541240e-02 
1.428560e-02 
1.294256e-02 
1.124884e-02 
8.991654e-03 
6.351503e-03 
3.660714e-03 
9.681013e-04 
-1.866689e-03 
-4.823686e-03 
-7.652790e-03 
-9.999729e-03 
-1.155265e-02 
-1.229386e-02 
-1.262568e-02 
-1.301749e-02 
-1.356963e-02 
-1.413704e-02 
-1.470838e-02 
-1.535325e-02 
-1.599348e-02 
-1.656633e-02 
-1.718500e-02 
-1.778424e-02 
-1.788799e-02 
-1.708973e-02 
-1.541349e-02 
-1.283987e-02 
-9.009988e-03 
-3.968787e-03 
1.280531e-03 
5.641813e-03 
9.022859e-03 
1.207682e-02 
1.530247e-02 
1.888684e-02 
2.280006e-02 
2.638698e-02 
2.847575e-02 
2.863072e-02 
2.771808e-02 
2.649694e-02 
2.434109e-02 
2.033726e-02 
1.511091e-02 
1.043972e-02 
7.275004e-03 
5.139017e-03 
3.415207e-03 
2.319747e-03 
2.374004e-03 
3.494061e-03 
4.947807e-03 
6.137113e-03 
7.341046e-03 
9.543311e-03 
1.332256e-02 
1.810965e-02 
2.293210e-02 
2.764754e-02 
3.279476e-02 
3.836476e-02 
4.351218e-02 
4.755705e-02 
5.054597e-02 
5.270539e-02 
5.403122e-02 
5.457442e-02 
5.449153e-02 
5.362182e-02 
5.158185e-02 
4.846716e-02 
4.496043e-02 
4.157226e-02 
3.821860e-02 
3.468385e-02 
3.106135e-02 
2.752651e-02 
2.402917e-02 
2.046474e-02 
1.695500e-02 
1.373128e-02 
1.080274e-02 
7.892332e-03 
4.769700e-03 
1.618329e-03 
-1.018599e-03 
-2.742629e-03 
-3.694261e-03 
-4.361428e-03 
-5.086612e-03 
-5.893782e-03 
-6.677624e-03 
-7.341578e-03 
-7.774619e-03 
-7.892268e-03 
-7.740910e-03 
-7.486988e-03 
-7.323653e-03 
-7.418230e-03 
-7.838153e-03 
-8.482397e-03 
-9.194389e-03 
-9.936159e-03 
-1.067461e-02 
-1.116500e-02 
-1.119204e-02 
-1.107186e-02 
-1.151582e-02 
-1.282998e-02 
-1.459226e-02 
-1.630983e-02 
-1.802262e-02 
-1.998196e-02 
-2.208809e-02 
-2.406465e-02 
-2.597196e-02 
-2.808348e-02 
-3.029236e-02 
-3.205623e-02 
-3.302448e-02 
-3.341489e-02 
-3.361861e-02 
-3.367253e-02 
-3.334079e-02 
-3.258120e-02 
-3.167315e-02 
-3.088078e-02 
-3.017375e-02 
-2.931411e-02 
-2.805806e-02 
-2.620984e-02 
-2.364802e-02 
-2.045936e-02 
-1.698064e-02 
-1.354637e-02 
-1.017763e-02 
-6.602347e-03 
-2.596338e-03 
1.732917e-03 
5.957969e-03 
9.555317e-03 
1.213700e-02 
1.355516e-02 
1.383610e-02 
1.304479e-02 
1.126762e-02 
8.750294e-03 
5.974224e-03 
3.478165e-03 
1.534150e-03 
-8.952386e-06 
-1.532103e-03 
-3.241968e-03 
-4.923827e-03 
-6.126188e-03 
-6.620642e-03 
-6.640323e-03 
-6.616893e-03 
-6.702644e-03 
-6.598192e-03 
-5.870575e-03 
-4.440676e-03 
-2.703500e-03 
-1.087214e-03 
4.289564e-04 
2.128160e-03 
3.903710e-03 
5.165744e-03 
5.559474e-03 
5.407428e-03 
5.178321e-03 
4.863415e-03 
4.206217e-03 
3.246094e-03 
2.299926e-03 
1.679984e-03 
1.705042e-03 
2.620144e-03 
4.136116e-03 
5.354504e-03 
5.504881e-03 
4.548015e-03 
2.894192e-03 
8.904772e-04 
-1.251648e-03 
-3.446418e-03 
-5.840510e-03 
-8.560431e-03 
-1.129550e-02 
-1.355626e-02 
-1.530879e-02 
-1.685700e-02 
-1.824160e-02 
-1.936080e-02 
-2.044584e-02 
-2.161914e-02 
-2.217756e-02 
-2.119519e-02 
-1.867791e-02 
-1.524914e-02 
-1.099112e-02 
-5.739148e-03 
-3.585946e-04 
3.608916e-03 
5.818200e-03 
7.569274e-03 
1.008226e-02 
1.317467e-02 
1.589240e-02 
1.764958e-02 
1.843930e-02 
1.855981e-02 
1.847412e-02 
1.855234e-02 
1.877268e-02 
1.892081e-02 
1.902923e-02 
1.928442e-02 
1.959110e-02 
1.961696e-02 
1.925672e-02 
1.873115e-02 
1.820023e-02 
1.750419e-02 
1.633369e-02 
1.456259e-02 
1.242363e-02 
1.040203e-02 
8.939551e-03 
8.250039e-03 
8.387350e-03 
9.301825e-03 
1.074738e-02 
1.236223e-02 
1.398203e-02 
1.563604e-02 
1.710120e-02 
1.779890e-02 
1.738358e-02 
1.612602e-02 
1.442827e-02 
1.227310e-02 
9.512119e-03 
6.444635e-03 
3.695111e-03 
1.636593e-03 
2.659934e-04 
-4.363776e-04 
-3.274332e-04 
6.977196e-04 
2.434796e-03 
4.245628e-03 
5.208546e-03 
4.657587e-03 
2.735296e-03 
2.478214e-04 
-2.135611e-03 
-4.364605e-03 
-6.657370e-03 
-8.990564e-03 
-1.114757e-02 
-1.305474e-02 
-1.485471e-02 
-1.675070e-02 
-1.885335e-02 
-2.098836e-02 
-2.259743e-02 
-2.309817e-02 
-2.248293e-02 
-2.136560e-02 
-2.037662e-02 
-1.975449e-02 
-1.954629e-02 
-1.981634e-02 
-2.047764e-02 
-2.122368e-02 
-2.182574e-02 
-2.226660e-02 
-2.244593e-02 
-2.201988e-02 
-2.072677e-02 
-1.870928e-02 
-1.637658e-02 
-1.405364e-02 
-1.180676e-02 
-9.496753e-03 
-6.982158e-03 
-4.324129e-03 
-1.708690e-03 
8.521886e-04 
3.523982e-03 
6.283235e-03 
8.844236e-03 
1.105789e-02 
1.306058e-02 
1.494304e-02 
1.667562e-02 
1.841505e-02 
2.033980e-02 
2.205300e-02 
2.275869e-02 
2.223234e-02 
2.103798e-02 
1.963287e-02 
1.789824e-02 
1.567254e-02 
1.299053e-02 
9.639919e-03 
5.333107e-03 
5.858243e-04 
-3.397759e-03 
-6.012825e-03 
-7.694614e-03 
-8.933585e-03 
-9.766680e-03 
-1.043746e-02 
-1.147616e-02 
-1.265317e-02 
-1.280522e-02 
-1.128516e-02 
-8.830905e-03 
-6.481126e-03 
-4.355701e-03 
-2.056737e-03 
3.980970e-04 
2.708684e-03 
4.916085e-03 
7.255541e-03 
9.559149e-03 
1.123387e-02 
1.182037e-02 
1.145741e-02 
1.088212e-02 
1.090867e-02 
1.167980e-02 
1.249456e-02 
1.258255e-02 
1.186769e-02 
1.069101e-02 
9.088199e-03 
6.852164e-03 
4.139073e-03 
1.452472e-03 
-9.374024e-04 
-3.084379e-03 
-4.921359e-03 
-6.201278e-03 
-6.884202e-03 
-7.154203e-03 
-7.030973e-03 
-6.348274e-03 
-5.142313e-03 
-3.725923e-03 
-2.345890e-03 
-1.012771e-03 
3.644628e-04 
1.884392e-03 
3.593075e-03 
5.325308e-03 
6.755740e-03 
7.738843e-03 
8.298897e-03 
8.134691e-03 
6.647786e-03 
3.855199e-03 
8.026912e-04 
-1.454161e-03 
-2.926301e-03 
-4.277095e-03 
-5.746489e-03 
-7.056232e-03 
-8.014702e-03 
-8.581913e-03 
-8.597317e-03 
-8.051152e-03 
-7.438831e-03 
-7.335860e-03 
-7.817095e-03 
-8.709732e-03 
-1.008254e-02 
-1.194396e-02 
-1.371440e-02 
-1.455703e-02 
-1.412393e-02 
-1.264436e-02 
-1.055619e-02 
-8.425980e-03 
-6.892224e-03 
-6.166089e-03 
-5.711405e-03 
-4.743339e-03 
-2.910233e-03 
-3.573566e-04 
2.502107e-03 
5.071336e-03 
6.906712e-03 
8.308782e-03 
1.011553e-02 
1.249791e-02 
1.439171e-02 
1.457456e-02 
1.294195e-02 
1.037674e-02 
7.765639e-03 
5.667134e-03 
4.536919e-03 
4.497185e-03 
4.960268e-03 
5.117216e-03 
4.813360e-03 
4.424761e-03 
3.930319e-03 
2.786275e-03 
9.018541e-04 
-8.824572e-04 
-1.682982e-03 
-1.541448e-03 
-1.115537e-03 
-7.301748e-04 
-2.070852e-04 
5.586648e-04 
1.380599e-03 
2.138747e-03 
2.925086e-03 
3.766749e-03 
4.555892e-03 
5.318961e-03 
6.208796e-03 
7.133604e-03 
7.720724e-03 
7.765858e-03 
7.415570e-03 
6.796135e-03 
5.790194e-03 
4.343804e-03 
2.691061e-03 
1.062960e-03 
-5.936876e-04 
-2.415241e-03 
-4.347782e-03 
-6.257944e-03 
-8.091268e-03 
-9.671563e-03 
-1.052567e-02 
-1.025471e-02 
-9.060644e-03 
-7.591630e-03 
-6.176177e-03 
-4.500747e-03 
-2.275595e-03 
-7.170215e-06 
1.295740e-03 
1.243837e-03 
5.864609e-04 
4.546631e-04 
1.304398e-03 
2.769722e-03 
4.322131e-03 
5.783067e-03 
7.260739e-03 
8.812791e-03 
1.017117e-02 
1.071855e-02 
9.896815e-03 
7.854516e-03 
5.583746e-03 
4.144010e-03 
3.745999e-03 
3.774589e-03 
3.624341e-03 
3.214158e-03 
2.702997e-03 
2.104466e-03 
1.388680e-03 
6.951568e-04 
1.745129e-04 
-2.534418e-04 
-7.589885e-04 
-1.291982e-03 
-1.593102e-03 
-1.476627e-03 
-9.751371e-04 
-2.578431e-04 
4.859186e-04 
1.142292e-03 
1.754998e-03 
2.475025e-03 
3.399396e-03 
4.545819e-03 
5.959746e-03 
7.636631e-03 
9.297284e-03 
1.048074e-02 
1.095598e-02 
1.082844e-02 
1.017786e-02 
8.873150e-03 
6.870597e-03 
4.428878e-03 
1.880025e-03 
-6.020851e-04 
-2.921447e-03 
-4.988827e-03 
-6.792467e-03 
-8.296765e-03 
-9.255686e-03 
-9.426661e-03 
-8.992474e-03 
-8.451424e-03 
-8.050649e-03 
-7.637468e-03 
-7.080649e-03 
-6.485604e-03 
-5.938137e-03 
-5.367677e-03 
-4.746383e-03 
-4.153358e-03 
-3.590370e-03 
-2.983154e-03 
-2.378392e-03 
-1.883496e-03 
-1.418941e-03 
-8.241305e-04 
-2.507852e-04 
-1.688006e-04 
-8.545231e-04 
-2.018513e-03 
-3.001180e-03 
-3.234628e-03 
-2.529162e-03 
-1.082996e-03 
6.911270e-04 
2.389778e-03 
3.720619e-03 
4.435305e-03 
4.284852e-03 
3.149137e-03 
1.184923e-03 
-1.248570e-03 
-3.834216e-03 
-6.425584e-03 
-8.917039e-03 
-1.104527e-02 
-1.241444e-02 
-1.277706e-02 
-1.228503e-02 
-1.143928e-02 
-1.075886e-02 
-1.043662e-02 
-1.028469e-02 
-1.009472e-02 
-1.009416e-02 
-1.085700e-02 
-1.253781e-02 
-1.433053e-02 
-1.504692e-02 
-1.425821e-02 
-1.258209e-02 
-1.088644e-02 
-9.618653e-03 
-8.909451e-03 
-8.742534e-03 
-8.758385e-03 
-8.358564e-03 
-7.323187e-03 
-5.980505e-03 
-4.574848e-03 
-2.950536e-03 
-1.121294e-03 
4.054439e-04 
1.251041e-03 
1.555396e-03 
1.287765e-03 
-2.443548e-04 
-3.529832e-03 
-7.876614e-03 
-1.193901e-02 
-1.495568e-02 
-1.692673e-02 
-1.790669e-02 
-1.783348e-02 
-1.695860e-02 
-1.583556e-02 
-1.480622e-02 
-1.382228e-02 
-1.271184e-02 
-1.134326e-02 
-9.653455e-03 
-7.771770e-03 
-5.957165e-03 
-4.199589e-03 
-2.163209e-03 
1.664775e-04 
2.080666e-03 
2.839999e-03 
2.583423e-03 
2.088161e-03 
1.756412e-03 
1.371159e-03 
8.339373e-04 
5.312899e-04 
7.291885e-04 
1.079397e-03 
1.085205e-03 
7.344965e-04 
2.911629e-04 
-2.731608e-04 
-1.174434e-03 
-2.295064e-03 
-3.273402e-03 
-4.077336e-03 
-4.965661e-03 
-5.782477e-03 
-5.806318e-03 
-4.566689e-03 
-2.451165e-03 
-2.244435e-04 
1.778047e-03 
3.720269e-03 
5.787219e-03 
7.952224e-03 
1.007585e-02 
1.196022e-02 
1.337834e-02 
1.428175e-02 
1.494441e-02 
1.572522e-02 
1.670527e-02 
1.770975e-02 
1.864836e-02 
1.963043e-02 
2.071033e-02 
2.174800e-02 
2.266517e-02 
2.363853e-02 
2.475722e-02 
2.558047e-02 
2.539733e-02 
2.400721e-02 
2.194789e-02 
1.983486e-02 
1.776226e-02 
1.550302e-02 
1.298618e-02 
1.035433e-02 
7.841085e-03 
5.865489e-03 
4.979478e-03 
5.369958e-03 
6.560837e-03 
7.891522e-03 
9.145631e-03 
1.047289e-02 
1.191935e-02 
1.337958e-02 
1.485992e-02 
1.642811e-02 
1.798968e-02 
1.944113e-02 
2.094490e-02 
2.266651e-02 
2.426305e-02 
2.504950e-02 
2.478598e-02 
2.397616e-02 
2.323496e-02 
2.262235e-02 
2.177813e-02 
2.048706e-02 
1.887253e-02 
1.715010e-02 
1.542202e-02 
1.369868e-02 
1.196991e-02 
1.022467e-02 
8.469596e-03 
6.724569e-03 
4.981841e-03 
3.214903e-03 
1.442007e-03 
-2.973886e-04 
-2.035692e-03 
-3.815634e-03 
-5.457859e-03 
-6.525017e-03 
-6.679046e-03 
-6.050642e-03 
-5.126043e-03 
-4.267213e-03 
-3.461659e-03 
-2.560440e-03 
-1.587955e-03 
-6.702335e-04 
2.393836e-04 
1.315675e-03 
2.491140e-03 
3.348299e-03 
3.547079e-03 
3.225348e-03 
2.768870e-03 
2.244959e-03 
1.302901e-03 
-3.249048e-04 
-2.421962e-03 
-4.495034e-03 
-6.246284e-03 
-7.713121e-03 
-9.032583e-03 
-1.025512e-02 
-1.141346e-02 
-1.262587e-02 
-1.401910e-02 
-1.560674e-02 
-1.733215e-02 
-1.917279e-02 
-2.106019e-02 
-2.272722e-02 
-2.384414e-02 
-2.439913e-02 
-2.476908e-02 
-2.525939e-02 
-2.570057e-02 
-2.568160e-02 
-2.507377e-02 
-2.408931e-02 
-2.288203e-02 
-2.139081e-02 
-1.963512e-02 
-1.787181e-02 
-1.627853e-02 
-1.469151e-02 
-1.292108e-02 
-1.125021e-02 
-1.034433e-02 
-1.056885e-02 
-1.153314e-02 
-1.243115e-02 
-1.279618e-02 
-1.281743e-02 
-1.291026e-02 
-1.312097e-02 
-1.311210e-02 
-1.268935e-02 
-1.210999e-02 
-1.175982e-02 
-1.170568e-02 
-1.174787e-02 
-1.177982e-02 
-1.184501e-02 
-1.188733e-02 
-1.171081e-02 
-1.123421e-02 
-1.058597e-02 
-9.905221e-03 
-9.237605e-03 
-8.671519e-03 
-8.360863e-03 
-8.313830e-03 
-8.335176e-03 
-8.287675e-03 
-8.253679e-03 
-8.317432e-03 
-8.325461e-03 
-8.021175e-03 
-7.350424e-03 
-6.505493e-03 
-5.688909e-03 
-4.925784e-03 
-4.097133e-03 
-3.084888e-03 
-1.865936e-03 
-5.113077e-04 
8.760449e-04 
2.228049e-03 
3.549230e-03 
4.911171e-03 
6.403691e-03 
8.063585e-03 
9.852489e-03 
1.171250e-02 
1.360091e-02 
1.541089e-02 
1.692025e-02 
1.796982e-02 
1.871687e-02 
1.953155e-02 
2.052372e-02 
2.130687e-02 
2.140205e-02 
2.078746e-02 
1.986385e-02 
1.895384e-02 
1.807385e-02 
1.716002e-02 
1.621720e-02 
1.518721e-02 
1.394575e-02 
1.253316e-02 
1.115115e-02 
9.839505e-03 
8.398984e-03 
6.725109e-03 
4.951978e-03 
3.168504e-03 
1.293670e-03 
-6.262328e-04 
-2.311805e-03 
-3.626574e-03 
-4.756310e-03 
-5.787605e-03 
-6.383683e-03 
-6.154569e-03 
-5.177348e-03 
-3.934712e-03 
-2.890836e-03 
-2.282924e-03 
-2.133922e-03 
-2.267454e-03 
-2.432112e-03 
-2.548994e-03 
-2.720148e-03 
-2.928462e-03 
-2.930941e-03 
-2.567372e-03 
-1.988730e-03 
-1.432856e-03 
-9.109879e-04 
-2.482953e-04 
6.683377e-04 
1.787279e-03 
2.950559e-03 
3.965899e-03 
4.686501e-03 
5.108393e-03 
5.386059e-03 
5.709436e-03 
6.131211e-03 
6.481962e-03 
6.472512e-03 
5.957509e-03 
5.097947e-03 
4.189641e-03 
3.350027e-03 
2.482778e-03 
1.531669e-03 
6.141869e-04 
-1.182926e-04 
-6.029471e-04 
-8.174493e-04 
-7.587229e-04 
-5.145587e-04 
-2.285589e-04 
4.199972e-05 
3.309821e-04 
6.381283e-04 
9.247694e-04 
1.207530e-03 
1.518943e-03 
1.816669e-03 
2.074170e-03 
2.378054e-03 
2.751217e-03 
2.982744e-03 
2.875531e-03 
2.560199e-03 
2.253579e-03 
1.766745e-03 
6.207029e-04 
-1.321949e-03 
-3.674785e-03 
-6.001891e-03 
-8.117414e-03 
-9.888352e-03 
-1.119624e-02 
-1.225225e-02 
-1.348958e-02 
-1.485487e-02 
-1.558316e-02 
-1.503023e-02 
-1.344776e-02 
-1.159270e-02 
-9.838644e-03 
-8.062190e-03 
-6.178608e-03 
-4.311727e-03 
-2.505442e-03 
-6.720771e-04 
1.180958e-03 
2.984211e-03 
4.806904e-03 
6.714628e-03 
8.494795e-03 
9.856812e-03 
1.085389e-02 
1.178424e-02 
1.274094e-02 
1.361692e-02 
1.448244e-02 
1.551190e-02 
1.649705e-02 
1.686834e-02 
1.634743e-02 
1.526027e-02 
1.408390e-02 
1.297697e-02 
1.187100e-02 
1.071899e-02 
9.470752e-03 
8.018511e-03 
6.340154e-03 
4.557799e-03 
2.767592e-03 
9.803806e-04 
-6.932981e-04 
-2.016148e-03 
-2.930098e-03 
-3.721317e-03 
-4.682765e-03 
-5.691613e-03 
-6.301477e-03 
-6.243782e-03 
-5.693788e-03 
-5.017853e-03 
-4.391856e-03 
-3.759584e-03 
-3.070696e-03 
-2.389063e-03 
-1.749650e-03 
-1.064828e-03 
-2.573067e-04 
6.282625e-04 
1.540732e-03 
2.520591e-03 
3.527748e-03 
4.279263e-03 
4.484585e-03 
4.223525e-03 
3.879124e-03 
3.665608e-03 
3.406706e-03 
2.828983e-03 
1.903448e-03 
8.120010e-04 
-2.968932e-04 
-1.414686e-03 
-2.576032e-03 
-3.709041e-03 
-4.605374e-03 
-5.113524e-03 
-5.377350e-03 
-5.721996e-03 
-6.200223e-03 
-6.432888e-03 
-6.065755e-03 
-5.205729e-03 
-4.203367e-03 
-3.199611e-03 
-2.138065e-03 
-1.026290e-03 
1.128559e-04 
1.357375e-03 
2.629143e-03 
3.528149e-03 
3.799439e-03 
3.751849e-03 
3.761813e-03 
3.540769e-03 
2.433283e-03 
3.881053e-04 
-1.869384e-03 
-3.638206e-03 
-4.760185e-03 
-5.319240e-03 
-5.299947e-03 
-4.723814e-03 
-3.824932e-03 
-2.895954e-03 
-2.055438e-03 
-1.218733e-03 
-2.555496e-04 
7.746258e-04 
1.523030e-03 
1.619612e-03 
1.073234e-03 
2.434541e-04 
-5.870654e-04 
-1.395046e-03 
-2.200930e-03 
-2.994309e-03 
-3.904363e-03 
-5.085060e-03 
-6.331542e-03 
-7.152815e-03 
-7.358996e-03 
-7.274534e-03 
-7.249616e-03 
-7.276400e-03 
-7.236148e-03 
-7.209701e-03 
-7.317026e-03 
-7.475135e-03 
-7.553084e-03 
-7.638276e-03 
-7.945698e-03 
-8.523928e-03 
-9.208494e-03 
-9.853098e-03 
-1.048802e-02 
-1.120931e-02 
-1.196407e-02 
-1.251748e-02 
-1.267040e-02 
-1.247660e-02 
-1.217644e-02 
-1.192097e-02 
-1.164329e-02 
-1.121944e-02 
-1.066309e-02 
-1.009625e-02 
-9.580378e-03 
-9.054752e-03 
-8.451960e-03 
-7.837729e-03 
-7.407559e-03 
-7.331535e-03 
-7.607045e-03 
-8.060273e-03 
-8.457297e-03 
-8.599630e-03 
-8.394875e-03 
-7.920943e-03 
-7.376394e-03 
-6.883068e-03 
-6.387850e-03 
-5.829441e-03 
-5.288836e-03 
-4.826521e-03 
-4.277501e-03 
-3.409098e-03 
-2.226704e-03 
-9.342918e-04 
3.418932e-04 
1.605138e-03 
2.867531e-03 
4.212289e-03 
5.856489e-03 
7.871502e-03 
9.968372e-03 
1.191059e-02 
1.399786e-02 
1.663850e-02 
1.944389e-02 
2.131021e-02 
2.159176e-02 
2.076566e-02 
1.972552e-02 
1.882557e-02 
1.789631e-02 
1.683659e-02 
1.577449e-02 
1.477720e-02 
1.374260e-02 
1.259751e-02 
1.141863e-02 
1.030741e-02 
9.225533e-03 
8.035568e-03 
6.759715e-03 
5.746233e-03 
5.409925e-03 
5.766252e-03 
6.405315e-03 
6.987630e-03 
7.539763e-03 
8.176126e-03 
8.825021e-03 
9.410696e-03 
1.003338e-02 
1.073346e-02 
1.129121e-02 
1.148590e-02 
1.138273e-02 
1.118512e-02 
1.097800e-02 
1.076762e-02 
1.059148e-02 
1.044877e-02 
1.028907e-02 
1.015666e-02 
1.014358e-02 
1.010912e-02 
9.663006e-03 
8.540483e-03 
6.848422e-03 
4.912671e-03 
3.075497e-03 
1.647105e-03 
7.983186e-04 
4.013102e-04 
1.385754e-04 
-1.773870e-04 
-5.122525e-04 
-8.075217e-04 
-1.084018e-03 
-1.337960e-03 
-1.496877e-03 
-1.517771e-03 
-1.433438e-03 
-1.318927e-03 
-1.309141e-03 
-1.602868e-03 
-2.308880e-03 
-3.290172e-03 
-4.278114e-03 
-5.162035e-03 
-6.070124e-03 
-7.121448e-03 
-8.170222e-03 
-8.885012e-03 
-9.082124e-03 
-8.903661e-03 
-8.627481e-03 
-8.381693e-03 
-8.129321e-03 
-7.857819e-03 
-7.634477e-03 
-7.488459e-03 
-7.373779e-03 
-7.256452e-03 
-7.133388e-03 
-6.991105e-03 
-6.861180e-03 
-6.867376e-03 
-7.080349e-03 
-7.386997e-03 
-7.655186e-03 
-7.940777e-03 
-8.328889e-03 
-8.637062e-03 
-8.519859e-03 
-7.879312e-03 
-6.985033e-03 
-6.169287e-03 
-5.540105e-03 
-4.986598e-03 
-4.358365e-03 
-3.677231e-03 
-3.249694e-03 
-3.448389e-03 
-4.237694e-03 
-5.025405e-03 
-5.163139e-03 
-4.535822e-03 
-3.534480e-03 
-2.569365e-03 
-1.796647e-03 
-1.216285e-03 
-7.788548e-04 
-3.839077e-04 
3.790531e-05 
4.104017e-04 
6.074599e-04 
6.536801e-04 
6.921190e-04 
7.701115e-04 
8.154602e-04 
8.254132e-04 
9.082833e-04 
1.107806e-03 
1.342682e-03 
1.560294e-03 
1.801081e-03 
2.070832e-03 
2.304169e-03 
2.506342e-03 
2.778624e-03 
3.150093e-03 
3.543338e-03 
3.960901e-03 
4.506219e-03 
5.093829e-03 
5.302298e-03 
4.706236e-03 
3.332722e-03 
1.711305e-03 
4.931070e-04 
8.514942e-06 
9.663586e-05 
3.353927e-04 
4.859214e-04 
6.619086e-04 
9.944317e-04 
1.279340e-03 
1.157300e-03 
5.348696e-04 
-4.056332e-04 
-1.496143e-03 
-2.582915e-03 
-3.335584e-03 
-3.438421e-03 
-2.991652e-03 
-2.406457e-03 
-1.892501e-03 
-1.356280e-03 
-7.875433e-04 
-3.751604e-04 
-1.842818e-04 
-5.106246e-05 
1.281616e-04 
2.878381e-04 
4.143924e-04 
5.858622e-04 
7.467899e-04 
7.214869e-04 
4.929406e-04 
2.184362e-04 
-3.912848e-05 
-3.401294e-04 
-6.495525e-04 
-8.760064e-04 
-1.128794e-03 
-1.654572e-03 
-2.507285e-03 
-3.533505e-03 
-4.653946e-03 
-5.852802e-03 
-6.884832e-03 
-7.336708e-03 
-7.094158e-03 
-6.499764e-03 
-5.932866e-03 
-5.438989e-03 
-4.882401e-03 
-4.257015e-03 
-3.669756e-03 
-3.138964e-03 
-2.591448e-03 
-2.016573e-03 
-1.473783e-03 
-9.618156e-04 
-4.154971e-04 
1.582875e-04 
6.845762e-04 
1.186866e-03 
1.773994e-03 
2.380036e-03 
2.719345e-03 
2.659371e-03 
2.437317e-03 
2.274010e-03 
1.966860e-03 
1.185987e-03 
1.584693e-05 
-1.203250e-03 
-2.457956e-03 
-3.962024e-03 
-5.455026e-03 
-6.176145e-03 
-5.759282e-03 
-4.698040e-03 
-3.660076e-03 
-2.746355e-03 
-1.724345e-03 
-5.990613e-04 
4.500414e-04 
1.440309e-03 
2.504974e-03 
3.604486e-03 
4.629153e-03 
5.636685e-03 
6.720085e-03 
7.785777e-03 
8.749131e-03 
9.765430e-03 
1.094530e-02 
1.199057e-02 
1.245458e-02 
1.229132e-02 
1.185979e-02 
1.144265e-02 
1.101150e-02 
1.041235e-02 
9.555600e-03 
8.468179e-03 
7.341881e-03 
6.469586e-03 
5.993829e-03 
5.823663e-03 
5.907122e-03 
6.396232e-03 
7.385948e-03 
8.698342e-03 
1.010416e-02 
1.152030e-02 
1.278205e-02 
1.352057e-02 
1.360080e-02 
1.344286e-02 
1.349057e-02 
1.348743e-02 
1.271696e-02 
1.096070e-02 
8.825936e-03 
7.028917e-03 
5.670076e-03 
4.382846e-03 
2.960578e-03 
1.596141e-03 
5.819108e-04 
-1.366487e-05 
-3.442056e-04 
-6.006805e-04 
-8.920373e-04 
-1.219422e-03 
-1.500692e-03 
-1.692997e-03 
-1.953008e-03 
-2.549593e-03 
-3.479916e-03 
-4.286097e-03 
-4.466035e-03 
-4.015783e-03 
-3.356669e-03 
-2.777163e-03 
-2.211374e-03 
-1.558321e-03 
-9.003329e-04 
-3.020080e-04 
3.307743e-04 
1.029305e-03 
1.606451e-03 
1.886687e-03 
1.950045e-03 
1.986096e-03 
2.009896e-03 
1.883367e-03 
1.555626e-03 
1.133536e-03 
7.257941e-04 
3.342147e-04 
-8.024582e-05 
-5.079126e-04 
-9.153203e-04 
-1.315208e-03 
-1.757656e-03 
-2.259331e-03 
-2.787277e-03 
-3.314119e-03 
-3.846194e-03 
-4.386271e-03 
-4.918049e-03 
-5.444106e-03 
-5.985698e-03 
-6.529965e-03 
-7.045852e-03 
-7.564823e-03 
-8.144701e-03 
-8.709881e-03 
-9.044146e-03 
-9.030194e-03 
-8.812403e-03 
-8.622132e-03 
-8.491023e-03 
-8.217229e-03 
-7.587754e-03 
-6.589694e-03 
-5.425596e-03 
-4.322994e-03 
-3.292876e-03 
-2.131447e-03 
-7.680326e-04 
4.543945e-04 
1.038707e-03 
8.770956e-04 
3.452240e-04 
-1.693864e-04 
-6.205395e-04 
-1.128091e-03 
-1.689949e-03 
-2.221615e-03 
-2.725682e-03 
-3.255558e-03 
-3.791642e-03 
-4.276982e-03 
-4.719766e-03 
-5.168518e-03 
-5.629360e-03 
-6.077648e-03 
-6.516056e-03 
-6.966897e-03 
-7.430083e-03 
-7.874176e-03 
-8.266774e-03 
-8.604097e-03 
-8.913552e-03 
-9.223945e-03 
-9.537169e-03 
-9.844241e-03 
-1.015248e-02 
-1.046668e-02 
-1.076967e-02 
-1.106497e-02 
-1.139315e-02 
-1.173633e-02 
-1.195936e-02 
-1.194787e-02 
-1.176615e-02 
-1.156710e-02 
-1.138883e-02 
-1.117466e-02 
-1.094998e-02 
-1.079686e-02 
-1.063418e-02 
-1.020330e-02 
-9.352589e-03 
-8.217922e-03 
-7.043226e-03 
-5.918383e-03 
-4.779953e-03 
-3.592941e-03 
-2.411634e-03 
-1.270287e-03 
-1.177381e-04 
1.085419e-03 
2.264680e-03 
3.297337e-03 
4.164808e-03 
4.960874e-03 
5.753966e-03 
6.530966e-03 
7.296081e-03 
8.107870e-03 
8.940784e-03 
9.607969e-03 
9.940328e-03 
9.994560e-03 
9.978564e-03 
1.000689e-02 
1.003888e-02 
1.002946e-02 
1.001351e-02 
1.002462e-02 
1.003763e-02 
1.002944e-02 
1.002245e-02 
1.003346e-02 
1.004122e-02 
1.003324e-02 
1.002973e-02 
1.003658e-02 
1.002870e-02 
1.000135e-02 
9.983711e-03 
9.982124e-03 
9.968083e-03 
9.938313e-03 
9.923535e-03 
9.923926e-03 
9.905747e-03 
9.872879e-03 
9.863220e-03 
9.867594e-03 
9.841829e-03 
9.801879e-03 
9.802813e-03 
9.822210e-03 
9.776125e-03 
9.646286e-03 
9.471774e-03 
9.242101e-03 
8.947426e-03 
8.694414e-03 
8.563882e-03 
8.354331e-03 
7.688884e-03 
6.431207e-03 
4.817749e-03 
3.148554e-03 
1.524449e-03 
-8.868034e-05 
-1.730360e-03 
-3.429919e-03 
-5.154458e-03 
-6.735640e-03 
-7.987474e-03 
-8.894222e-03 
-9.535138e-03 
-9.858979e-03 
-9.743824e-03 
-9.273411e-03 
-8.731268e-03 
-8.278974e-03 
-7.834268e-03 
-7.309869e-03 
-6.773885e-03 
-6.298698e-03 
-5.830207e-03 
-5.309225e-03 
-4.786109e-03 
-4.312511e-03 
-3.836788e-03 
-3.310233e-03 
-2.791637e-03 
-2.331902e-03 
-1.854888e-03 
-1.305951e-03 
-8.641713e-04 
-8.468841e-04 
-1.400710e-03 
-2.401559e-03 
-3.634983e-03 
-4.908003e-03 
-5.982187e-03 
-6.603607e-03 
-6.703708e-03 
-6.457586e-03 
-6.062781e-03 
-5.559667e-03 
-4.933551e-03 
-4.260430e-03 
-3.630801e-03 
-3.021798e-03 
-2.370690e-03 
-1.708881e-03 
-1.094117e-03 
-4.719044e-04 
2.296871e-04 
8.791387e-04 
1.199605e-03 
1.111362e-03 
8.608688e-04 
6.986417e-04 
5.504524e-04 
1.508858e-04 
-5.879840e-04 
-1.511079e-03 
-2.464800e-03 
-3.419593e-03 
-4.373914e-03 
-5.317627e-03 
-6.286818e-03 
-7.293782e-03 
-8.235252e-03 
-9.036248e-03 
-9.798535e-03 
-1.057028e-02 
-1.106374e-02 
-1.092955e-02 
-1.027588e-02 
-9.559218e-03 
-8.942969e-03 
-8.129073e-03 
-6.884476e-03 
-5.370040e-03 
-3.835895e-03 
-2.322510e-03 
-7.911168e-04 
7.375705e-04 
2.286961e-03 
3.893177e-03 
5.390438e-03 
6.521416e-03 
7.334052e-03 
8.136166e-03 
8.941712e-03 
9.317279e-03 
8.970188e-03 
8.174195e-03 
7.378161e-03 
6.669692e-03 
5.891029e-03 
5.041370e-03 
4.250624e-03 
3.501672e-03 
2.679007e-03 
1.824812e-03 
1.102353e-03 
5.498013e-04 
7.220758e-05 
-3.723993e-04 
-7.728482e-04 
-1.194833e-03 
-1.699013e-03 
-2.149476e-03 
-2.304459e-03 
-2.105849e-03 
-1.714300e-03 
-1.272995e-03 
-8.257133e-04 
-4.657894e-04 
-3.485192e-04 
-4.927563e-04 
-7.358709e-04 
-9.463774e-04 
-1.145232e-03 
-1.378266e-03 
-1.615985e-03 
-1.833103e-03 
-2.059418e-03 
-2.299425e-03 
-2.503805e-03 
-2.653004e-03 
-2.782059e-03 
-2.910733e-03 
-3.030461e-03 
-3.150318e-03 
-3.281555e-03 
-3.405079e-03 
-3.515193e-03 
-3.641684e-03 
-3.780212e-03 
-3.888653e-03 
-3.990505e-03 
-4.150719e-03 
-4.304727e-03 
-4.275970e-03 
-4.018052e-03 
-3.663020e-03 
-3.294179e-03 
-2.888554e-03 
-2.501554e-03 
-2.213573e-03 
-1.831968e-03 
-9.789138e-04 
4.088397e-04 
1.989176e-03 
3.530001e-03 
5.143662e-03 
6.841523e-03 
8.218185e-03 
8.897144e-03 
9.025809e-03 
9.032974e-03 
9.108763e-03 
9.193278e-03 
9.264040e-03 
9.303099e-03 
9.102630e-03 
8.436718e-03 
7.404195e-03 
6.338872e-03 
5.385279e-03 
4.403579e-03 
3.310425e-03 
2.245348e-03 
1.291348e-03 
2.652639e-04 
-9.952388e-04 
-2.241179e-03 
-2.934984e-03 
-2.781104e-03 
-1.998374e-03 
-1.042894e-03 
-1.768058e-04 
6.451733e-04 
1.556266e-03 
2.542445e-03 
3.453179e-03 
4.226179e-03 
5.006574e-03 
5.915082e-03 
6.724953e-03 
6.974285e-03 
6.473979e-03 
5.517262e-03 
4.489433e-03 
3.492675e-03 
2.513668e-03 
1.717874e-03 
1.291138e-03 
1.119536e-03 
9.132822e-04 
6.071187e-04 
4.109101e-04 
4.843255e-04 
7.567578e-04 
1.073122e-03 
1.369574e-03 
1.693146e-03 
2.140552e-03 
2.770288e-03 
3.521154e-03 
4.262196e-03 
4.959391e-03 
5.703449e-03 
6.511911e-03 
7.211279e-03 
7.617658e-03 
7.747928e-03 
7.773278e-03 
7.819286e-03 
7.884533e-03 
7.920252e-03 
7.922000e-03 
7.948805e-03 
8.077080e-03 
8.327684e-03 
8.647835e-03 
8.986530e-03 
9.346508e-03 
9.700052e-03 
9.906554e-03 
9.830274e-03 
9.530376e-03 
9.208455e-03 
8.953384e-03 
8.672237e-03 
8.312779e-03 
7.991449e-03 
7.784103e-03 
7.501340e-03 
6.828762e-03 
5.660648e-03 
4.186080e-03 
2.664395e-03 
1.206857e-03 
-2.353782e-04 
-1.752185e-03 
-3.341294e-03 
-4.837149e-03 
-5.993400e-03 
-6.701045e-03 
-7.116009e-03 
-7.502984e-03 
-7.967303e-03 
-8.416188e-03 
-8.779365e-03 
-9.148887e-03 
-9.625905e-03 
-1.010042e-02 
-1.030326e-02 
-1.008685e-02 
-9.571128e-03 
-8.984009e-03 
-8.433844e-03 
-8.064230e-03 
-7.497327e-03 
-6.918753e-03 
-6.355935e-03 
-5.799364e-03 
-5.233316e-03 
-4.662303e-03 
-4.090316e-03 
-3.507317e-03 
-2.908211e-03 
-2.304519e-03 
-1.707452e-03 
-1.112765e-03 
-5.174722e-04 
7.447323e-05 
6.680992e-04 
1.272779e-03 
1.865475e-03 
2.374568e-03 
2.738223e-03 
2.993107e-03 
3.266993e-03 
3.622979e-03 
3.917066e-03 
3.891332e-03 
3.446235e-03 
2.752517e-03 
2.044964e-03 
1.385044e-03 
7.025625e-04 
-1.660898e-05 
-7.145416e-04 
-1.393851e-03 
-2.128936e-03 
-2.933551e-03 
-3.730235e-03 
-4.481762e-03 
-5.258762e-03 
-6.108148e-03 
-6.902621e-03 
-7.397362e-03 
-7.461277e-03 
-7.223860e-03 
-6.951470e-03 
-6.770584e-03 
-6.570754e-03 
-6.230277e-03 
-5.878186e-03 
-5.817454e-03 
-6.188384e-03 
-6.828530e-03 
-7.508165e-03 
-8.176085e-03 
-8.870604e-03 
-9.489593e-03 
-9.827677e-03 
-9.842208e-03 
-9.726921e-03 
-9.665327e-03 
-9.634995e-03 
-9.538620e-03 
-9.407424e-03 
-9.338376e-03 
-9.312478e-03 
-9.245897e-03 
-9.182187e-03 
-9.237333e-03 
-9.326486e-03 
-9.124820e-03 
-8.376748e-03 
-7.137982e-03 
-5.673145e-03 
-4.240334e-03 
-3.041012e-03 
-2.198809e-03 
-1.667333e-03 
-1.254362e-03 
-8.162461e-04 
-3.626465e-04 
5.613682e-05 
4.548749e-04 
8.625360e-04 
1.267394e-03 
1.661214e-03 
2.056515e-03 
2.440505e-03 
2.799186e-03 
3.182709e-03 
3.621443e-03 
3.967255e-03 
3.967363e-03 
3.553253e-03 
2.935609e-03 
2.350231e-03 
1.820676e-03 
1.250909e-03 
6.429721e-04 
9.077576e-05 
-3.964182e-04 
-9.195318e-04 
-1.505485e-03 
-2.001141e-03 
-2.223393e-03 
-2.162069e-03 
-1.963098e-03 
-1.753552e-03 
-1.565765e-03 
-1.394557e-03 
-1.212747e-03 
-9.314113e-04 
-4.632020e-04 
1.499311e-04 
7.712499e-04 
1.349968e-03 
1.956152e-03 
2.600361e-03 
3.132799e-03 
3.395010e-03 
3.402127e-03 
3.310115e-03 
3.242851e-03 
3.202190e-03 
3.128765e-03 
3.013146e-03 
2.931927e-03 
2.973639e-03 
3.147693e-03 
3.393102e-03 
3.656598e-03 
3.915975e-03 
4.152995e-03 
4.373919e-03 
4.627868e-03 
4.917753e-03 
5.105661e-03 
5.010701e-03 
4.615127e-03 
4.085124e-03 
3.575344e-03 
3.100000e-03 
2.611010e-03 
2.106727e-03 
1.619165e-03 
1.154954e-03 
6.958969e-04 
2.339405e-04 
-2.195454e-04 
-6.529915e-04 
-1.074487e-03 
-1.501735e-03 
-1.925010e-03 
-2.310968e-03 
-2.672093e-03 
-3.077258e-03 
-3.515659e-03 
-3.795760e-03 
-3.698639e-03 
-3.231602e-03 
-2.622832e-03 
-2.058022e-03 
-1.531777e-03 
-9.736615e-04 
-3.960797e-04 
1.395644e-04 
6.126291e-04 
1.037292e-03 
1.422818e-03 
1.782265e-03 
2.138341e-03 
2.494942e-03 
2.836559e-03 
3.162445e-03 
3.484120e-03 
3.798187e-03 
4.101868e-03 
4.410081e-03 
4.701757e-03 
4.886660e-03 
4.908093e-03 
4.849875e-03 
4.836277e-03 
4.832405e-03 
4.659004e-03 
4.226593e-03 
3.645157e-03 
3.063879e-03 
2.510945e-03 
1.951713e-03 
1.399998e-03 
8.793884e-04 
3.536594e-04 
-1.934746e-04 
-6.463758e-04 
-8.484652e-04 
-7.972931e-04 
-6.490220e-04 
-5.275452e-04 
-4.224944e-04 
-2.886330e-04 
-1.465578e-04 
-3.504375e-05 
6.779460e-05 
2.152697e-04 
4.192823e-04 
6.506697e-04 
8.859407e-04 
1.117261e-03 
1.337624e-03 
1.546528e-03 
1.754584e-03 
1.961010e-03 
2.148313e-03 
2.318452e-03 
2.501652e-03 
2.695674e-03 
2.824724e-03 
2.806330e-03 
2.648729e-03 
2.440134e-03 
2.247485e-03 
2.067609e-03 
1.876877e-03 
1.682570e-03 
1.508422e-03 
1.361496e-03 
1.233176e-03 
1.115300e-03 
1.002421e-03 
8.906279e-04 
7.813887e-04 
6.780712e-04 
5.783782e-04 
4.789120e-04 
3.826120e-04 
2.924615e-04 
2.046579e-04 
1.168891e-04 
3.382212e-05 
-4.303149e-05 
-1.192131e-04 
-1.952541e-04 
-2.649226e-04 
-3.289619e-04 
-3.941047e-04 
-4.578396e-04 
-5.142995e-04 
-5.719547e-04 
-6.402194e-04 
-7.045842e-04 
-7.486562e-04 
-7.965974e-04 
-8.945715e-04 
-1.051088e-03 
-1.231436e-03 
-1.406578e-03 
-1.570908e-03 
-1.720014e-03 
-1.854087e-03 
-1.992304e-03 
-2.133646e-03 
-2.213343e-03 
-2.157680e-03 
-1.983404e-03 
-1.784883e-03 
-1.615679e-03 
-1.436983e-03 
-1.192196e-03 
-8.804617e-04 
-5.433805e-04 
-2.269616e-04 
2.568445e-05 
1.870844e-04 
2.734099e-04 
3.335193e-04 
3.974759e-04 
4.582116e-04 
5.052718e-04 
5.460536e-04 
5.874950e-04 
6.242640e-04 
6.533583e-04 
6.798019e-04 
7.038184e-04 
7.206842e-04 
7.339289e-04 
7.498752e-04 
7.583466e-04 
7.376446e-04 
6.817651e-04 
6.083036e-04 
5.368414e-04 
4.714965e-04 
4.073498e-04 
3.433002e-04 
2.829226e-04 
2.275319e-04 
1.739691e-04 
1.203941e-04 
7.118335e-05 
2.996882e-05 
-1.300033e-05 
-7.732679e-05 
-1.698919e-04 
-2.739012e-04 
-3.682253e-04 
-4.497569e-04 
-5.274620e-04 
-6.039469e-04 
-6.747695e-04 
-7.387702e-04 
-7.967375e-04 
-8.446870e-04 
-8.814524e-04 
-9.154085e-04 
-9.490653e-04 
-9.638528e-04 
-9.369478e-04 
-8.708444e-04 
-7.914543e-04 
-7.185245e-04 
-6.520861e-04 
-5.873154e-04 
-5.271552e-04 
-4.756686e-04 
-4.302701e-04 
-3.866706e-04 
-3.450375e-04 
-3.071442e-04 
-2.722538e-04 
-2.390254e-04 
-2.079877e-04 
-1.798361e-04 
-1.538699e-04 
-1.294925e-04 
-1.071776e-04 
-8.712543e-05 
-6.873278e-05 
-5.180019e-05 
-3.674756e-05 
-2.340554e-05 
-1.092632e-05 
9.601791e-07 
1.167592e-05 
2.084024e-05 
2.866438e-05 
3.529276e-05 
4.059621e-05 
4.467566e-05 
4.785782e-05 
5.011979e-05 
5.106057e-05 
5.055283e-05 
4.899163e-05 
4.685013e-05 
4.431778e-05 
4.141784e-05 
3.818395e-05 
3.465015e-05 
3.084774e-05 
2.683663e-05 
2.265658e-05 
1.829773e-05 
1.378590e-05 
9.192272e-06 
4.524714e-06 
-2.472514e-07 
-5.044893e-06 
-9.772477e-06 
-1.457255e-05 
-1.971736e-05 
-2.519574e-05 
-3.064360e-05 
-3.577498e-05 
-4.065480e-05 
-4.544385e-05 
-5.008682e-05 
-5.437988e-05 
-5.821080e-05 
-6.163575e-05 
-6.483179e-05 
-6.799328e-05 
-7.120469e-05 
-7.439565e-05 
-7.749217e-05 
-8.057464e-05 
-8.378564e-05 
-8.711925e-05 
-9.041473e-05 
-9.354417e-05 
-9.650555e-05 
-9.934098e-05 
-1.020645e-04 
-1.046935e-04 
-1.072804e-04 
-1.098788e-04 
-1.125073e-04 
-1.151632e-04 
-1.178481e-04 
-1.205690e-04 
-1.233296e-04 
-1.261301e-04 
-1.289715e-04 
-1.318554e-04 
-1.347823e-04 
-1.377520e-04 
-1.407642e-04 
-1.438184e-04 
-1.469139e-04 
-1.500498e-04 
-1.532250e-04 
-1.564386e-04 
-1.596895e-04 
-1.629768e-04 
