1 
1.000000e-02 
7.106065e-06 
7.333506e-06 
7.570037e-06 
7.807133e-06 
8.055116e-06 
8.303599e-06 
8.563792e-06 
8.826206e-06 
9.107094e-06 
9.392565e-06 
9.700935e-06 
1.001921e-05 
1.036160e-05 
1.071609e-05 
1.108340e-05 
1.141121e-05 
1.172618e-05 
1.200391e-05 
1.229173e-05 
1.257484e-05 
1.285255e-05 
1.320829e-05 
1.358120e-05 
1.396046e-05 
1.434304e-05 
1.482002e-05 
1.532215e-05 
1.572986e-05 
1.609170e-05 
1.660389e-05 
1.790135e-05 
1.972442e-05 
2.145483e-05 
2.280241e-05 
2.386425e-05 
2.389809e-05 
2.321609e-05 
2.170404e-05 
1.956815e-05 
1.629051e-05 
1.257510e-05 
9.277529e-06 
9.255574e-06 
1.233213e-05 
1.392883e-05 
1.290941e-05 
1.048145e-05 
9.792680e-06 
7.949779e-06 
4.208341e-06 
2.489143e-06 
7.404761e-06 
1.899251e-05 
3.209583e-05 
3.948497e-05 
3.893427e-05 
2.879521e-05 
8.905503e-06 
-2.067122e-05 
-5.464492e-05 
-7.511155e-05 
-7.370097e-05 
-5.193395e-05 
-1.229979e-05 
3.032535e-05 
5.579291e-05 
6.046201e-05 
4.688848e-05 
1.724302e-05 
-2.618015e-05 
-7.850494e-05 
-1.179466e-04 
-1.475899e-04 
-1.641631e-04 
-1.509462e-04 
-1.129976e-04 
-9.470127e-05 
-1.028405e-04 
-1.143803e-04 
-1.236861e-04 
-1.347545e-04 
-1.294092e-04 
-8.999584e-05 
-5.153539e-05 
-4.527934e-05 
-6.551987e-05 
-8.681674e-05 
-1.033095e-04 
-1.382102e-04 
-2.182594e-04 
-2.647427e-04 
-2.444675e-04 
-1.826995e-04 
-1.183857e-04 
-3.446260e-05 
3.584202e-05 
5.739429e-05 
5.727764e-05 
1.000073e-04 
1.309068e-04 
3.956856e-05 
-6.066887e-05 
-1.018463e-04 
-9.095404e-05 
1.973041e-05 
2.855255e-04 
6.550152e-04 
9.193832e-04 
9.784803e-04 
8.237456e-04 
5.047583e-04 
8.319739e-05 
-2.711519e-04 
-4.074571e-04 
-3.671680e-04 
-2.024884e-04 
8.457849e-05 
5.253514e-04 
9.108624e-04 
1.036813e-03 
9.140243e-04 
5.728611e-04 
2.044420e-04 
-1.187115e-04 
-3.438153e-04 
-4.137830e-04 
-4.225588e-04 
-3.859209e-04 
-2.835692e-04 
-1.795707e-04 
-2.018462e-04 
-4.997966e-04 
-1.076748e-03 
-1.777888e-03 
-2.368104e-03 
-2.652426e-03 
-2.660236e-03 
-2.534876e-03 
-2.191376e-03 
-1.373472e-03 
-2.040071e-04 
7.464341e-04 
9.964457e-04 
8.580166e-04 
8.057319e-04 
8.496581e-04 
5.848331e-04 
1.408309e-04 
-2.197166e-04 
-2.050457e-04 
-3.016262e-05 
5.654528e-05 
-2.008447e-04 
-8.106003e-04 
-1.764182e-03 
-2.591204e-03 
-2.663104e-03 
-2.237041e-03 
-1.616800e-03 
-7.463310e-04 
3.902911e-04 
1.252526e-03 
1.423598e-03 
9.427635e-04 
-4.210685e-04 
-2.243763e-03 
-3.498121e-03 
-3.472540e-03 
-2.834480e-03 
-2.129962e-03 
-1.438138e-03 
-8.684053e-04 
-3.665915e-04 
-1.677054e-04 
-7.726527e-05 
-1.476196e-04 
-3.565621e-04 
-1.504586e-04 
3.612756e-04 
1.316356e-03 
2.944241e-03 
4.820226e-03 
6.325475e-03 
6.528166e-03 
5.543552e-03 
3.744055e-03 
2.031849e-03 
1.427674e-03 
1.776454e-03 
2.641356e-03 
4.148273e-03 
6.033887e-03 
8.079806e-03 
9.314588e-03 
8.343630e-03 
5.167638e-03 
1.622956e-03 
-3.514016e-04 
-5.857250e-04 
2.366247e-04 
1.633177e-03 
3.039146e-03 
4.189601e-03 
3.790200e-03 
1.287762e-03 
-2.871138e-03 
-7.256948e-03 
-1.066375e-02 
-1.269913e-02 
-1.246672e-02 
-1.029928e-02 
-6.664727e-03 
-2.400239e-03 
1.239306e-03 
3.742189e-03 
4.680656e-03 
4.159869e-03 
3.265053e-03 
1.566778e-03 
-1.624006e-03 
-4.792999e-03 
-6.390021e-03 
-4.962820e-03 
-9.943277e-04 
3.769343e-03 
7.614539e-03 
9.868173e-03 
1.062589e-02 
1.026275e-02 
9.183313e-03 
8.167895e-03 
7.077095e-03 
6.411428e-03 
5.496741e-03 
4.180727e-03 
3.237554e-03 
2.982643e-03 
2.531441e-03 
1.310087e-03 
-9.256256e-04 
-2.955036e-03 
-4.565855e-03 
-5.267153e-03 
-5.275286e-03 
-5.248427e-03 
-5.796673e-03 
-6.999520e-03 
-7.949601e-03 
-8.596644e-03 
-9.608483e-03 
-1.067973e-02 
-1.176193e-02 
-1.185454e-02 
-9.968410e-03 
-7.483690e-03 
-5.798907e-03 
-5.159248e-03 
-5.599351e-03 
-6.638550e-03 
-6.885482e-03 
-5.328196e-03 
-2.876448e-03 
-2.651979e-04 
2.713968e-03 
5.959908e-03 
9.327252e-03 
1.178487e-02 
1.250038e-02 
9.641824e-03 
4.069371e-03 
-1.506593e-03 
-4.635586e-03 
-5.665408e-03 
-5.827305e-03 
-6.238870e-03 
-7.810843e-03 
-1.027281e-02 
-1.273913e-02 
-1.437257e-02 
-1.466993e-02 
-1.385650e-02 
-1.281987e-02 
-1.116821e-02 
-8.086744e-03 
-3.902105e-03 
4.884470e-04 
3.525990e-03 
3.395464e-03 
1.791632e-03 
1.290208e-03 
1.796535e-03 
3.242736e-03 
4.630267e-03 
4.462367e-03 
1.929400e-03 
-1.508277e-03 
-3.618541e-03 
-3.806953e-03 
-3.395697e-03 
-3.257321e-03 
-2.396079e-03 
-6.118013e-04 
8.010674e-04 
6.367562e-04 
-9.174484e-04 
-2.570879e-03 
-1.954994e-03 
-9.219467e-05 
1.346010e-03 
2.696295e-03 
4.128231e-03 
5.801353e-03 
6.597417e-03 
7.267935e-03 
9.082991e-03 
1.153570e-02 
1.266123e-02 
1.215427e-02 
8.869623e-03 
3.923491e-03 
1.553793e-03 
3.168079e-03 
6.167350e-03 
7.255247e-03 
5.177450e-03 
1.323250e-03 
-1.825631e-03 
-2.690504e-03 
-3.263741e-03 
-5.618852e-03 
-9.732216e-03 
-1.369932e-02 
-1.493796e-02 
-1.283673e-02 
-8.940772e-03 
-4.505029e-03 
-8.280136e-04 
8.895443e-04 
1.018097e-03 
1.503762e-03 
4.009273e-03 
8.080915e-03 
1.076482e-02 
9.992072e-03 
5.072378e-03 
-1.523741e-03 
-6.245199e-03 
-6.838002e-03 
-4.154604e-03 
-7.595409e-04 
1.728810e-03 
3.824476e-03 
6.208243e-03 
8.023382e-03 
8.296759e-03 
6.264432e-03 
3.789974e-03 
3.344961e-03 
3.285505e-03 
2.383878e-03 
5.677158e-04 
-4.682070e-04 
4.869753e-05 
1.903626e-03 
4.057622e-03 
6.001066e-03 
7.991323e-03 
1.126391e-02 
1.652924e-02 
2.167465e-02 
2.565648e-02 
2.766838e-02 
2.639026e-02 
2.148884e-02 
1.414163e-02 
6.602596e-03 
2.136001e-03 
2.042617e-03 
4.224724e-03 
5.847218e-03 
5.422910e-03 
3.514366e-03 
1.285850e-03 
-1.170363e-03 
-3.217474e-03 
-4.283146e-03 
-3.943645e-03 
-3.010756e-03 
-2.670198e-03 
-2.938469e-03 
-3.612548e-03 
-2.366836e-03 
2.204586e-03 
8.606763e-03 
1.294788e-02 
1.317869e-02 
1.056655e-02 
7.983520e-03 
7.381974e-03 
8.340594e-03 
9.588148e-03 
1.099628e-02 
1.154744e-02 
9.980483e-03 
5.333301e-03 
-1.025174e-03 
-7.269157e-03 
-1.280180e-02 
-1.761291e-02 
-1.995372e-02 
-1.827828e-02 
-1.407676e-02 
-1.028145e-02 
-8.787817e-03 
-1.096840e-02 
-1.565048e-02 
-1.997953e-02 
-2.139349e-02 
-1.978463e-02 
-1.682326e-02 
-1.163147e-02 
-4.597833e-03 
9.022283e-04 
1.867715e-03 
-1.641824e-03 
-7.082389e-03 
-1.224648e-02 
-1.549273e-02 
-1.478777e-02 
-9.615621e-03 
-2.964085e-04 
1.141769e-02 
2.244674e-02 
3.033754e-02 
3.326885e-02 
3.060799e-02 
2.370249e-02 
1.562805e-02 
9.100669e-03 
5.453562e-03 
4.548854e-03 
4.332862e-03 
3.209785e-03 
1.801996e-03 
1.094707e-03 
1.791058e-03 
2.982555e-03 
2.998813e-03 
1.445917e-03 
-6.196190e-04 
-9.944744e-04 
4.222055e-04 
1.544902e-03 
2.089047e-04 
-3.554119e-03 
-7.251219e-03 
-8.900899e-03 
-9.424090e-03 
-1.076521e-02 
-1.349163e-02 
-1.701399e-02 
-1.932749e-02 
-1.949494e-02 
-1.793827e-02 
-1.559275e-02 
-1.362670e-02 
-1.140749e-02 
-6.593273e-03 
-2.454752e-04 
5.913515e-03 
1.083651e-02 
1.413669e-02 
1.467990e-02 
1.353797e-02 
1.235212e-02 
1.190154e-02 
1.053351e-02 
6.969483e-03 
2.317177e-03 
-1.302761e-03 
-2.983247e-03 
-2.978202e-03 
-8.865943e-04 
3.202165e-03 
8.159156e-03 
1.235999e-02 
1.451437e-02 
1.465762e-02 
1.328752e-02 
1.193339e-02 
1.164651e-02 
1.082385e-02 
8.327909e-03 
6.179479e-03 
5.808178e-03 
6.547934e-03 
7.243341e-03 
6.360469e-03 
3.798500e-03 
1.168689e-03 
3.267816e-04 
1.121758e-03 
3.039567e-03 
5.256219e-03 
7.864226e-03 
9.794011e-03 
1.148596e-02 
1.271347e-02 
1.291836e-02 
1.149766e-02 
9.999263e-03 
8.944878e-03 
7.599675e-03 
6.105938e-03 
3.668203e-03 
1.178177e-03 
-9.292472e-04 
-1.279239e-03 
2.258057e-04 
1.876916e-03 
4.087552e-03 
6.952061e-03 
8.485344e-03 
6.604480e-03 
2.669541e-03 
-1.858606e-03 
-6.609179e-03 
-1.193129e-02 
-1.744162e-02 
-2.168262e-02 
-2.264745e-02 
-1.928865e-02 
-1.285036e-02 
-4.335041e-03 
4.306701e-03 
1.087895e-02 
1.435413e-02 
1.526597e-02 
1.389852e-02 
1.055787e-02 
5.246566e-03 
-8.235966e-04 
-6.777813e-03 
-1.181011e-02 
-1.526619e-02 
-1.792522e-02 
-2.029616e-02 
-2.201038e-02 
-2.267968e-02 
-2.224904e-02 
-2.074481e-02 
-1.822826e-02 
-1.644742e-02 
-1.721664e-02 
-2.014187e-02 
-2.382020e-02 
-2.519644e-02 
-2.328252e-02 
-2.001066e-02 
-1.610393e-02 
-1.074801e-02 
-4.385206e-03 
7.797309e-04 
2.734698e-03 
1.890852e-03 
1.070375e-04 
-1.400236e-03 
-9.410294e-04 
2.756515e-04 
6.177394e-04 
1.441118e-03 
3.649808e-03 
5.468064e-03 
5.008507e-03 
1.441492e-03 
-2.998692e-03 
-7.916276e-03 
-1.402573e-02 
-2.043401e-02 
-2.575173e-02 
-2.947786e-02 
-3.145829e-02 
-3.140975e-02 
-3.005120e-02 
-2.894098e-02 
-2.877038e-02 
-2.895598e-02 
-2.900952e-02 
-2.902372e-02 
-2.997172e-02 
-3.252595e-02 
-3.486745e-02 
-3.516243e-02 
-3.313310e-02 
-3.020333e-02 
-2.782884e-02 
-2.725672e-02 
-2.872262e-02 
-2.986200e-02 
-2.964731e-02 
-2.772557e-02 
-2.424437e-02 
-1.930704e-02 
-1.459507e-02 
-1.254570e-02 
-1.377295e-02 
-1.559865e-02 
-1.696212e-02 
-1.826791e-02 
-1.831882e-02 
-1.656838e-02 
-1.383377e-02 
-1.028536e-02 
-6.972131e-03 
-4.869698e-03 
-5.074216e-03 
-6.834180e-03 
-8.114105e-03 
-9.712788e-03 
-1.194781e-02 
-1.351035e-02 
-1.372478e-02 
-1.327512e-02 
-1.245197e-02 
-1.199418e-02 
-1.168109e-02 
-1.231819e-02 
-1.499768e-02 
-1.942324e-02 
-2.329089e-02 
-2.611797e-02 
-2.797649e-02 
-2.858190e-02 
-2.824487e-02 
-2.629474e-02 
-2.261701e-02 
-1.811185e-02 
-1.306535e-02 
-9.701514e-03 
-9.338801e-03 
-1.145092e-02 
-1.422213e-02 
-1.513325e-02 
-1.347945e-02 
-9.185224e-03 
-3.424614e-03 
1.616295e-03 
6.218171e-03 
1.147687e-02 
1.737536e-02 
2.214133e-02 
2.574560e-02 
2.874149e-02 
3.056769e-02 
3.005919e-02 
2.714912e-02 
2.480296e-02 
2.443188e-02 
2.477653e-02 
2.470207e-02 
2.378151e-02 
2.251123e-02 
2.048197e-02 
1.872797e-02 
1.824247e-02 
1.834161e-02 
1.879749e-02 
2.095738e-02 
2.467620e-02 
2.804203e-02 
3.000754e-02 
3.072553e-02 
3.001842e-02 
2.826152e-02 
2.730519e-02 
2.796961e-02 
2.974474e-02 
3.142605e-02 
3.276566e-02 
3.443751e-02 
3.677390e-02 
3.985281e-02 
4.376671e-02 
4.801741e-02 
5.233532e-02 
5.759890e-02 
6.358525e-02 
6.935209e-02 
7.296195e-02 
7.357106e-02 
7.143390e-02 
6.675064e-02 
6.150405e-02 
5.610613e-02 
4.951657e-02 
4.363510e-02 
3.927906e-02 
3.568589e-02 
3.331151e-02 
3.242843e-02 
3.370326e-02 
3.660077e-02 
4.024666e-02 
4.402909e-02 
4.689923e-02 
4.957361e-02 
5.383310e-02 
5.866440e-02 
6.218106e-02 
6.384380e-02 
6.432661e-02 
6.448747e-02 
6.422470e-02 
6.300858e-02 
6.098584e-02 
5.802495e-02 
5.369040e-02 
4.916857e-02 
4.433524e-02 
3.835612e-02 
3.273814e-02 
2.726243e-02 
2.149139e-02 
1.550619e-02 
9.662851e-03 
4.950492e-03 
5.849157e-04 
-3.774946e-03 
-8.227620e-03 
-1.207511e-02 
-1.482049e-02 
-1.674852e-02 
-1.739900e-02 
-1.668813e-02 
-1.540703e-02 
-1.367210e-02 
-1.202180e-02 
-1.055154e-02 
-9.230612e-03 
-8.632909e-03 
-8.649303e-03 
-9.448287e-03 
-1.241332e-02 
-1.690965e-02 
-2.153866e-02 
-2.542917e-02 
-2.850610e-02 
-3.198463e-02 
-3.593852e-02 
-4.087071e-02 
-4.610934e-02 
-5.058540e-02 
-5.544017e-02 
-6.097774e-02 
-6.683217e-02 
-7.178777e-02 
-7.318845e-02 
-7.057409e-02 
-6.598076e-02 
-6.030314e-02 
-5.329062e-02 
-4.643868e-02 
-3.985399e-02 
-3.466940e-02 
-3.124870e-02 
-2.943674e-02 
-2.701019e-02 
-2.148434e-02 
-1.368460e-02 
-6.003253e-03 
-3.749549e-05 
4.362078e-03 
8.292639e-03 
1.144545e-02 
1.413234e-02 
1.666545e-02 
1.851677e-02 
2.001974e-02 
2.065689e-02 
2.065080e-02 
2.038360e-02 
1.895330e-02 
1.615425e-02 
1.294596e-02 
9.855261e-03 
7.145552e-03 
5.572944e-03 
4.429385e-03 
3.297764e-03 
2.529213e-03 
8.912286e-04 
-1.941906e-03 
-4.828114e-03 
-6.057116e-03 
-4.862287e-03 
-1.444903e-03 
2.675445e-03 
5.180254e-03 
3.931377e-03 
-3.138429e-04 
-5.119753e-03 
-9.194001e-03 
-1.251477e-02 
-1.450392e-02 
-1.529885e-02 
-1.621543e-02 
-1.554413e-02 
-1.409151e-02 
-1.448913e-02 
-1.695117e-02 
-2.041838e-02 
-2.518231e-02 
-3.190850e-02 
-3.867234e-02 
-4.376261e-02 
-4.659728e-02 
-4.682660e-02 
-4.309207e-02 
-3.570600e-02 
-2.735397e-02 
-1.947861e-02 
-1.171608e-02 
-3.761479e-03 
3.379807e-03 
8.445287e-03 
1.137101e-02 
1.215710e-02 
1.077943e-02 
7.917324e-03 
4.787406e-03 
2.432814e-03 
1.363355e-03 
1.577726e-03 
2.720722e-03 
3.891567e-03 
5.118415e-03 
6.070238e-03 
6.046260e-03 
3.856857e-03 
3.084741e-04 
-3.749582e-03 
-7.904765e-03 
-1.159948e-02 
-1.534451e-02 
-1.979467e-02 
-2.624749e-02 
-3.364900e-02 
-4.018253e-02 
-4.500693e-02 
-4.711459e-02 
-4.763349e-02 
-4.692989e-02 
-4.542177e-02 
-4.302617e-02 
-4.000227e-02 
-3.798208e-02 
-3.648154e-02 
-3.480748e-02 
-3.437746e-02 
-3.574737e-02 
-3.903643e-02 
-4.319450e-02 
-4.778349e-02 
-5.226300e-02 
-5.502181e-02 
-5.637884e-02 
-5.637274e-02 
-5.424395e-02 
-5.151638e-02 
-5.021558e-02 
-4.963773e-02 
-4.844351e-02 
-4.729600e-02 
-4.674938e-02 
-4.579595e-02 
-4.364077e-02 
-4.059631e-02 
-3.719853e-02 
-3.301079e-02 
-2.864695e-02 
-2.518528e-02 
-2.232575e-02 
-1.903395e-02 
-1.414872e-02 
-7.448957e-03 
9.885610e-04 
9.097177e-03 
1.476586e-02 
1.766381e-02 
1.848426e-02 
1.850238e-02 
1.803513e-02 
1.646354e-02 
1.457505e-02 
1.310916e-02 
1.255458e-02 
1.268969e-02 
1.380673e-02 
1.520847e-02 
1.568203e-02 
1.552909e-02 
1.589600e-02 
1.746517e-02 
1.903697e-02 
2.063749e-02 
2.208555e-02 
2.547128e-02 
3.093547e-02 
3.645839e-02 
4.072581e-02 
4.363514e-02 
4.511185e-02 
4.476888e-02 
4.252392e-02 
3.973443e-02 
3.708112e-02 
3.457475e-02 
3.295875e-02 
3.060688e-02 
2.736155e-02 
2.488219e-02 
2.427849e-02 
2.434018e-02 
2.309995e-02 
2.140704e-02 
1.967683e-02 
1.749519e-02 
1.502999e-02 
1.265328e-02 
1.014086e-02 
7.269536e-03 
4.166575e-03 
1.717502e-03 
9.185094e-04 
2.521246e-03 
5.806518e-03 
9.977303e-03 
1.464498e-02 
2.031742e-02 
2.713539e-02 
3.493675e-02 
4.226231e-02 
4.779200e-02 
5.242756e-02 
5.634149e-02 
5.978555e-02 
6.317709e-02 
6.640294e-02 
6.865624e-02 
6.949952e-02 
6.932500e-02 
6.774047e-02 
6.419681e-02 
5.929226e-02 
5.469224e-02 
5.189341e-02 
5.114884e-02 
5.125294e-02 
5.021186e-02 
4.670414e-02 
4.184795e-02 
3.621841e-02 
2.959624e-02 
2.225226e-02 
1.289882e-02 
2.443963e-03 
-7.607104e-03 
-1.560681e-02 
-2.189580e-02 
-2.866759e-02 
-3.469591e-02 
-3.782360e-02 
-3.812928e-02 
-3.591190e-02 
-3.201866e-02 
-2.716069e-02 
-2.218236e-02 
-1.846394e-02 
-1.508718e-02 
-1.094210e-02 
-6.849726e-03 
-3.632372e-03 
-1.731661e-03 
-2.095932e-03 
-4.297045e-03 
-8.080009e-03 
-1.374743e-02 
-2.118197e-02 
-2.841184e-02 
-3.306317e-02 
-3.579445e-02 
-3.679126e-02 
-3.536093e-02 
-3.204821e-02 
-2.778794e-02 
-2.301456e-02 
-1.780756e-02 
-1.233673e-02 
-6.201143e-03 
1.236788e-03 
9.073295e-03 
1.532534e-02 
1.920078e-02 
2.090030e-02 
2.022992e-02 
1.773934e-02 
1.658640e-02 
1.770353e-02 
1.862860e-02 
1.854626e-02 
1.826323e-02 
1.874813e-02 
2.092157e-02 
2.466635e-02 
2.881346e-02 
3.306077e-02 
3.753604e-02 
4.271979e-02 
4.709025e-02 
4.929806e-02 
5.038406e-02 
5.084873e-02 
4.990508e-02 
4.779136e-02 
4.541958e-02 
4.304371e-02 
4.060782e-02 
3.720965e-02 
3.237535e-02 
2.635898e-02 
2.001128e-02 
1.292423e-02 
3.511957e-03 
-8.545396e-03 
-2.241484e-02 
-3.579936e-02 
-4.658523e-02 
-5.530585e-02 
-6.166519e-02 
-6.501671e-02 
-6.559294e-02 
-6.416462e-02 
-6.068713e-02 
-5.468707e-02 
-4.681049e-02 
-3.739512e-02 
-2.806535e-02 
-2.038943e-02 
-1.560614e-02 
-1.476884e-02 
-1.742800e-02 
-2.167437e-02 
-2.559633e-02 
-2.863806e-02 
-3.208632e-02 
-3.586597e-02 
-3.824940e-02 
-3.859483e-02 
-3.770595e-02 
-3.692101e-02 
-3.679571e-02 
-3.684737e-02 
-3.599059e-02 
-3.378314e-02 
-2.981482e-02 
-2.354568e-02 
-1.611373e-02 
-1.028469e-02 
-7.338504e-03 
-7.747264e-03 
-9.407160e-03 
-1.032591e-02 
-1.225790e-02 
-1.754552e-02 
-2.445599e-02 
-3.077416e-02 
-3.696177e-02 
-4.274017e-02 
-4.781685e-02 
-5.198150e-02 
-5.568625e-02 
-5.854332e-02 
-5.964309e-02 
-5.952121e-02 
-5.881408e-02 
-5.711197e-02 
-5.408956e-02 
-4.983327e-02 
-4.472081e-02 
-3.827012e-02 
-3.157903e-02 
-2.498735e-02 
-1.747176e-02 
-1.013896e-02 
-4.346209e-03 
-1.405507e-05 
2.941483e-03 
5.037768e-03 
6.365859e-03 
6.682027e-03 
6.542893e-03 
6.476815e-03 
6.681264e-03 
8.089625e-03 
1.143705e-02 
1.572861e-02 
2.037596e-02 
2.379732e-02 
2.434856e-02 
2.209992e-02 
1.852570e-02 
1.516989e-02 
1.232420e-02 
1.018324e-02 
9.117082e-03 
9.429022e-03 
1.156908e-02 
1.655851e-02 
2.377277e-02 
3.094198e-02 
3.753877e-02 
4.447778e-02 
5.155830e-02 
5.712427e-02 
6.140799e-02 
6.473716e-02 
6.652038e-02 
6.796735e-02 
6.900277e-02 
6.923260e-02 
6.914284e-02 
6.911164e-02 
6.834078e-02 
6.681029e-02 
6.605539e-02 
6.615314e-02 
6.633340e-02 
6.629846e-02 
6.618625e-02 
6.528999e-02 
6.234610e-02 
5.842075e-02 
5.448179e-02 
5.033085e-02 
4.565634e-02 
4.006192e-02 
3.352530e-02 
2.565246e-02 
1.734807e-02 
1.009887e-02 
2.954539e-03 
-4.787845e-03 
-1.333796e-02 
-2.198665e-02 
-2.970095e-02 
-3.732486e-02 
-4.369685e-02 
-4.770052e-02 
-4.980240e-02 
-5.153391e-02 
-5.231173e-02 
-5.135751e-02 
-4.954894e-02 
-4.760702e-02 
-4.627299e-02 
-4.438025e-02 
-4.074116e-02 
-3.517084e-02 
-2.875388e-02 
-2.270599e-02 
-1.757717e-02 
-1.311135e-02 
-9.399112e-03 
-7.847800e-03 
-7.907686e-03 
-8.032817e-03 
-6.826349e-03 
-4.979864e-03 
-2.884356e-03 
-2.420681e-04 
2.688753e-03 
5.264365e-03 
7.197978e-03 
8.191677e-03 
7.732318e-03 
6.507432e-03 
4.879066e-03 
4.017969e-03 
4.021558e-03 
4.626830e-03 
5.270008e-03 
4.784057e-03 
3.481147e-03 
1.607694e-03 
-5.429063e-04 
-3.060133e-03 
-4.689087e-03 
-4.952795e-03 
-4.186648e-03 
-2.627909e-03 
-1.749831e-03 
-1.306075e-03 
-5.361532e-04 
5.224748e-04 
4.481302e-04 
-1.073419e-03 
-1.328144e-03 
-3.945930e-04 
-8.806484e-04 
-1.814442e-03 
-2.240362e-03 
-3.342050e-03 
-5.642254e-03 
-8.306570e-03 
-1.026541e-02 
-1.155528e-02 
-1.373576e-02 
-1.699890e-02 
-2.162837e-02 
-2.772433e-02 
-3.316217e-02 
-3.638830e-02 
-3.737969e-02 
-3.648732e-02 
-3.461246e-02 
-3.232035e-02 
-2.956915e-02 
-2.631760e-02 
-2.252617e-02 
-1.969582e-02 
-1.817791e-02 
-1.776695e-02 
-1.800772e-02 
-1.752389e-02 
-1.677115e-02 
-1.663541e-02 
-1.737385e-02 
-1.745172e-02 
-1.682189e-02 
-1.649623e-02 
-1.658614e-02 
-1.666530e-02 
-1.616197e-02 
-1.380685e-02 
-9.236295e-03 
-3.425330e-03 
3.287745e-03 
9.128986e-03 
1.437905e-02 
1.907490e-02 
2.375340e-02 
2.927806e-02 
3.455753e-02 
3.763944e-02 
3.804939e-02 
3.672592e-02 
3.533008e-02 
3.503398e-02 
3.465785e-02 
3.261517e-02 
2.952175e-02 
2.674750e-02 
2.454476e-02 
2.353206e-02 
2.350749e-02 
2.368020e-02 
2.367792e-02 
2.360473e-02 
2.299443e-02 
2.045387e-02 
1.671955e-02 
1.374737e-02 
1.183122e-02 
9.999074e-03 
7.992564e-03 
6.277887e-03 
5.826353e-03 
6.070947e-03 
6.232338e-03 
6.218138e-03 
6.201939e-03 
5.672901e-03 
3.197966e-03 
-7.468182e-04 
-5.330676e-03 
-1.011444e-02 
-1.529301e-02 
-1.979115e-02 
-2.237523e-02 
-2.279478e-02 
-2.122289e-02 
-1.837921e-02 
-1.513483e-02 
-1.136669e-02 
-7.650943e-03 
-3.853490e-03 
-4.823473e-04 
1.237679e-03 
1.393868e-03 
1.191474e-03 
1.218816e-03 
1.320196e-03 
1.380310e-03 
1.381809e-03 
1.202900e-03 
-1.805554e-05 
-1.586467e-03 
-3.360113e-03 
-6.387704e-03 
-1.028141e-02 
-1.399517e-02 
-1.736618e-02 
-2.120181e-02 
-2.579291e-02 
-3.066813e-02 
-3.402972e-02 
-3.596716e-02 
-3.708421e-02 
-3.756931e-02 
-3.873132e-02 
-3.951771e-02 
-3.813763e-02 
-3.527114e-02 
-3.208470e-02 
-2.917403e-02 
-2.679176e-02 
-2.446322e-02 
-2.205435e-02 
-1.989085e-02 
-1.791280e-02 
-1.665011e-02 
-1.537405e-02 
-1.395232e-02 
-1.341717e-02 
-1.281352e-02 
-1.133988e-02 
-1.043606e-02 
-1.044452e-02 
-1.063409e-02 
-1.057302e-02 
-1.039929e-02 
-9.618050e-03 
-7.690324e-03 
-5.237765e-03 
-3.725277e-03 
-2.232347e-03 
-1.266925e-03 
-1.045100e-03 
-1.072519e-03 
-1.217546e-03 
-2.428495e-03 
-4.393547e-03 
-6.202801e-03 
-6.729500e-03 
-5.472772e-03 
-2.828204e-03 
1.576177e-03 
7.075560e-03 
1.183575e-02 
1.513280e-02 
1.704793e-02 
1.776440e-02 
1.861408e-02 
1.883101e-02 
1.800265e-02 
1.696981e-02 
1.551115e-02 
1.586182e-02 
1.740274e-02 
1.924438e-02 
2.178448e-02 
2.515156e-02 
2.850399e-02 
3.111888e-02 
3.237144e-02 
3.249433e-02 
3.240993e-02 
3.242337e-02 
3.307353e-02 
3.506471e-02 
3.813472e-02 
4.212810e-02 
4.646171e-02 
5.087407e-02 
5.520427e-02 
5.890032e-02 
6.166835e-02 
6.394827e-02 
6.517518e-02 
6.483479e-02 
6.261836e-02 
5.877172e-02 
5.380124e-02 
4.793927e-02 
4.245990e-02 
3.710965e-02 
3.174505e-02 
2.674682e-02 
2.287129e-02 
1.994754e-02 
1.804565e-02 
1.754818e-02 
1.768073e-02 
1.772417e-02 
1.750861e-02 
1.623602e-02 
1.485979e-02 
1.447255e-02 
1.466504e-02 
1.479698e-02 
1.473009e-02 
1.443864e-02 
1.291070e-02 
1.023862e-02 
7.884339e-03 
6.033370e-03 
4.136096e-03 
2.620344e-03 
6.761599e-04 
-3.295437e-03 
-7.775441e-03 
-1.093827e-02 
-1.249308e-02 
-1.406229e-02 
-1.591020e-02 
-1.843328e-02 
-2.136261e-02 
-2.397539e-02 
-2.613541e-02 
-2.806896e-02 
-2.946605e-02 
-3.056113e-02 
-3.190321e-02 
-3.337507e-02 
-3.485031e-02 
-3.587527e-02 
-3.737588e-02 
-3.946137e-02 
-4.177902e-02 
-4.358607e-02 
-4.471285e-02 
-4.587272e-02 
-4.673460e-02 
-4.687944e-02 
-4.673418e-02 
-4.630487e-02 
-4.473831e-02 
-4.214342e-02 
-3.887952e-02 
-3.578294e-02 
-3.353630e-02 
-3.205521e-02 
-3.061282e-02 
-2.781874e-02 
-2.411734e-02 
-2.066967e-02 
-1.683345e-02 
-1.244868e-02 
-8.581301e-03 
-5.843647e-03 
-3.875530e-03 
-1.993357e-03 
-1.614281e-05 
1.050850e-03 
1.097963e-03 
1.021652e-03 
2.134843e-03 
4.468052e-03 
6.642068e-03 
6.491939e-03 
4.624798e-03 
3.231240e-03 
1.786957e-03 
-1.100259e-04 
-1.705568e-03 
-2.120224e-03 
-1.943188e-03 
-1.702070e-03 
-3.772345e-04 
1.657089e-03 
4.395622e-03 
7.658623e-03 
1.024017e-02 
1.207953e-02 
1.275774e-02 
1.244660e-02 
1.248902e-02 
1.280417e-02 
1.294514e-02 
1.289918e-02 
1.327837e-02 
1.412259e-02 
1.432858e-02 
1.400837e-02 
1.352627e-02 
1.303069e-02 
1.211885e-02 
9.997850e-03 
6.457843e-03 
2.005044e-03 
-2.547862e-03 
-6.834181e-03 
-1.040999e-02 
-1.341119e-02 
-1.644249e-02 
-1.895554e-02 
-1.981372e-02 
-1.938385e-02 
-1.779725e-02 
-1.666339e-02 
-1.562603e-02 
-1.404332e-02 
-1.216171e-02 
-1.054466e-02 
-8.803274e-03 
-6.805491e-03 
-4.899782e-03 
-3.198296e-03 
-2.004250e-03 
-1.675009e-03 
-1.114901e-03 
4.438447e-04 
1.412935e-03 
1.581580e-03 
2.332659e-03 
3.697834e-03 
4.389969e-03 
4.311708e-03 
4.178416e-03 
4.232328e-03 
4.519083e-03 
5.866858e-03 
7.162147e-03 
7.525081e-03 
8.517160e-03 
9.951430e-03 
1.047745e-02 
1.031364e-02 
1.027214e-02 
1.120774e-02 
1.221031e-02 
1.160433e-02 
1.022100e-02 
8.480908e-03 
6.574390e-03 
5.021663e-03 
4.596851e-03 
4.791834e-03 
4.928451e-03 
4.930040e-03 
4.600662e-03 
3.834727e-03 
3.138579e-03 
2.409675e-03 
1.651515e-03 
-8.363099e-04 
-3.377626e-03 
-4.383234e-03 
-5.158071e-03 
-6.176227e-03 
-6.527386e-03 
-5.316050e-03 
-3.468202e-03 
-1.533244e-03 
5.671208e-05 
1.737954e-03 
2.159981e-03 
1.300721e-03 
8.359246e-04 
-6.613952e-04 
-2.605486e-03 
-3.288383e-03 
-3.186098e-03 
-4.184363e-03 
-5.793645e-03 
-7.445843e-03 
-8.626675e-03 
-8.872026e-03 
-7.677049e-03 
-5.341399e-03 
-3.232416e-03 
-2.591300e-03 
-2.788111e-03 
-2.891364e-03 
-2.775418e-03 
-2.720908e-03 
-2.791027e-03 
-3.134032e-03 
-4.495318e-03 
-5.953161e-03 
-7.248805e-03 
-8.428181e-03 
-8.937318e-03 
-8.922218e-03 
-9.649612e-03 
-1.126491e-02 
-1.211047e-02 
-1.202901e-02 
-1.182195e-02 
-1.187762e-02 
-1.199448e-02 
-1.200954e-02 
-1.185932e-02 
-1.054380e-02 
-9.135055e-03 
-8.357276e-03 
-6.302657e-03 
-2.927897e-03 
9.843537e-05 
2.210674e-03 
4.005419e-03 
5.931437e-03 
7.938082e-03 
8.421843e-03 
6.652724e-03 
3.405835e-03 
-4.137947e-04 
-3.060797e-03 
-4.982436e-03 
-7.906002e-03 
-1.118883e-02 
-1.372027e-02 
-1.556930e-02 
-1.729718e-02 
-1.817872e-02 
-1.823018e-02 
-1.808813e-02 
-1.808154e-02 
-1.742241e-02 
-1.514941e-02 
-1.149382e-02 
-7.441268e-03 
-3.481834e-03 
-1.403746e-04 
2.134665e-03 
3.889576e-03 
5.575896e-03 
7.430790e-03 
9.406799e-03 
1.113805e-02 
1.255148e-02 
1.398441e-02 
1.490776e-02 
1.625759e-02 
1.745751e-02 
1.865851e-02 
1.996626e-02 
2.087356e-02 
2.232193e-02 
2.430722e-02 
2.602516e-02 
2.741795e-02 
2.871402e-02 
2.954216e-02 
3.019626e-02 
3.002587e-02 
3.077320e-02 
3.224441e-02 
3.276973e-02 
3.242565e-02 
3.284029e-02 
3.373747e-02 
3.476543e-02 
3.493646e-02 
3.411415e-02 
3.304520e-02 
3.216713e-02 
3.139237e-02 
2.991867e-02 
2.732108e-02 
2.488867e-02 
2.417961e-02 
2.455518e-02 
2.413389e-02 
2.185395e-02 
1.857287e-02 
1.466598e-02 
1.019934e-02 
5.900480e-03 
2.530320e-03 
-7.828546e-04 
-4.296423e-03 
-7.436176e-03 
-9.661363e-03 
-1.121633e-02 
-1.232105e-02 
-1.296299e-02 
-1.401128e-02 
-1.529281e-02 
-1.646379e-02 
-1.806312e-02 
-2.041839e-02 
-2.280506e-02 
-2.432394e-02 
-2.461126e-02 
-2.448578e-02 
-2.452756e-02 
-2.464790e-02 
-2.471053e-02 
-2.468492e-02 
-2.470445e-02 
-2.521787e-02 
-2.650110e-02 
-2.761010e-02 
-2.801476e-02 
-2.866217e-02 
-2.831935e-02 
-2.533844e-02 
-2.151530e-02 
-1.838162e-02 
-1.555048e-02 
-1.253994e-02 
-1.004725e-02 
-8.410805e-03 
-7.315207e-03 
-6.858264e-03 
-6.056133e-03 
-4.279888e-03 
-2.132035e-03 
-9.765645e-04 
-8.811371e-04 
-9.272932e-05 
1.525556e-03 
2.835659e-03 
2.747850e-03 
2.017215e-03 
1.778835e-03 
1.929272e-03 
1.914131e-03 
1.050098e-03 
-3.803189e-04 
-1.254141e-03 
-2.000715e-03 
-3.194912e-03 
-3.900359e-03 
-3.113186e-03 
-1.595731e-03 
-6.337682e-04 
8.899183e-04 
3.213663e-03 
5.796720e-03 
8.266917e-03 
1.045280e-02 
1.245677e-02 
1.370796e-02 
1.396441e-02 
1.364023e-02 
1.227919e-02 
1.079364e-02 
9.189297e-03 
7.984618e-03 
7.096162e-03 
5.880081e-03 
4.667802e-03 
3.084114e-03 
1.090020e-03 
-6.944111e-04 
-1.284319e-03 
-1.187263e-03 
-1.691954e-03 
-2.510382e-03 
-3.416239e-03 
-4.033410e-03 
-4.129121e-03 
-4.034046e-03 
-3.742845e-03 
-2.940465e-03 
-1.728368e-03 
-7.122857e-04 
-8.030669e-04 
-1.188968e-03 
-1.246437e-03 
-7.453507e-04 
3.962298e-04 
1.240747e-03 
1.713632e-03 
2.456583e-03 
4.192797e-03 
5.905784e-03 
6.556685e-03 
6.496984e-03 
6.329913e-03 
6.291189e-03 
7.463580e-03 
9.624788e-03 
1.189738e-02 
1.376110e-02 
1.444650e-02 
1.441305e-02 
1.420213e-02 
1.336733e-02 
1.198762e-02 
9.993309e-03 
7.224797e-03 
4.167545e-03 
1.189594e-03 
-1.391316e-03 
-3.379254e-03 
-4.916012e-03 
-6.025174e-03 
-7.166107e-03 
-7.945117e-03 
-8.003832e-03 
-7.853711e-03 
-8.770695e-03 
-1.092926e-02 
-1.255291e-02 
-1.431865e-02 
-1.705675e-02 
-2.046315e-02 
-2.324573e-02 
-2.513145e-02 
-2.663133e-02 
-2.773571e-02 
-2.764347e-02 
-2.632369e-02 
-2.447386e-02 
-2.157519e-02 
-1.920055e-02 
-1.850061e-02 
-1.757643e-02 
-1.577894e-02 
-1.393700e-02 
-1.293005e-02 
-1.233873e-02 
-1.117413e-02 
-9.903065e-03 
-8.653958e-03 
-6.881286e-03 
-4.664599e-03 
-2.248763e-03 
-1.450490e-04 
1.761422e-03 
3.714112e-03 
5.209312e-03 
7.162840e-03 
9.796941e-03 
1.245079e-02 
1.386882e-02 
1.396501e-02 
1.377199e-02 
1.379971e-02 
1.389926e-02 
1.390864e-02 
1.387381e-02 
1.386777e-02 
1.388432e-02 
1.390293e-02 
1.435989e-02 
1.516212e-02 
1.550462e-02 
1.561737e-02 
1.634527e-02 
1.766664e-02 
1.916599e-02 
1.966945e-02 
2.071267e-02 
2.310322e-02 
2.396986e-02 
2.293922e-02 
2.101610e-02 
1.937998e-02 
1.761530e-02 
1.540602e-02 
1.295282e-02 
1.028093e-02 
7.907143e-03 
6.249509e-03 
5.658764e-03 
3.675206e-03 
-2.324357e-04 
-4.006405e-03 
-6.969760e-03 
-9.723623e-03 
-1.229915e-02 
-1.466154e-02 
-1.739306e-02 
-1.992205e-02 
-2.142830e-02 
-2.202332e-02 
-2.272439e-02 
-2.321840e-02 
-2.334403e-02 
-2.365427e-02 
-2.393513e-02 
-2.389506e-02 
-2.343019e-02 
-2.304044e-02 
-2.233582e-02 
-2.118225e-02 
-1.938487e-02 
-1.757726e-02 
-1.616501e-02 
-1.508640e-02 
-1.414288e-02 
-1.298892e-02 
-1.145683e-02 
-1.005519e-02 
-8.715350e-03 
-6.365881e-03 
-3.213588e-03 
-3.307594e-04 
2.670526e-03 
5.089688e-03 
5.870811e-03 
6.602680e-03 
8.910481e-03 
1.104181e-02 
1.206458e-02 
1.327381e-02 
1.474115e-02 
1.663062e-02 
1.876407e-02 
2.079589e-02 
2.275325e-02 
2.476284e-02 
2.606908e-02 
2.704914e-02 
2.756397e-02 
2.663338e-02 
2.460429e-02 
2.314684e-02 
2.288496e-02 
2.203613e-02 
2.056721e-02 
1.982074e-02 
1.877405e-02 
1.692028e-02 
1.477047e-02 
1.257579e-02 
1.000026e-02 
7.627041e-03 
5.634970e-03 
3.507979e-03 
1.151382e-03 
-1.046444e-03 
-2.996707e-03 
-4.871421e-03 
-6.229760e-03 
-6.611336e-03 
-6.497329e-03 
-6.489189e-03 
-7.207915e-03 
-7.989899e-03 
-8.764367e-03 
-9.226834e-03 
-9.245600e-03 
-8.674746e-03 
-7.613752e-03 
-5.932130e-03 
-3.860872e-03 
-1.225724e-03 
1.876209e-03 
5.069945e-03 
7.561385e-03 
8.938790e-03 
9.009450e-03 
9.415852e-03 
1.056081e-02 
1.124716e-02 
1.128553e-02 
1.122771e-02 
1.084453e-02 
9.368284e-03 
7.300040e-03 
5.048092e-03 
2.338070e-03 
-9.094707e-04 
-3.139866e-03 
-5.236622e-03 
-8.210113e-03 
-1.096213e-02 
-1.204742e-02 
-1.261657e-02 
-1.373399e-02 
-1.494438e-02 
-1.622279e-02 
-1.720940e-02 
-1.771393e-02 
-1.795668e-02 
-1.774688e-02 
-1.726245e-02 
-1.635946e-02 
-1.487452e-02 
-1.325987e-02 
-1.176752e-02 
-1.010122e-02 
-8.529646e-03 
-7.929063e-03 
-7.499004e-03 
-7.575249e-03 
-8.038653e-03 
-8.231445e-03 
-8.200432e-03 
-8.500538e-03 
-9.351438e-03 
-9.826994e-03 
-1.010395e-02 
-1.082924e-02 
-1.135469e-02 
-1.140436e-02 
-1.130050e-02 
-1.128806e-02 
-1.101568e-02 
-1.021449e-02 
-9.766687e-03 
-9.487962e-03 
-8.185184e-03 
-6.110148e-03 
-5.201539e-03 
-5.367201e-03 
-5.560198e-03 
-5.478975e-03 
-5.457259e-03 
-6.660704e-03 
-8.167256e-03 
-8.570579e-03 
-8.143428e-03 
-7.256148e-03 
-7.299564e-03 
-8.071675e-03 
-8.720773e-03 
-8.648736e-03 
-8.160220e-03 
-7.015670e-03 
-5.885734e-03 
-5.238257e-03 
-4.738495e-03 
-3.249235e-03 
-1.102007e-03 
1.204901e-03 
3.866409e-03 
5.999233e-03 
6.925475e-03 
7.491428e-03 
8.148775e-03 
8.626214e-03 
9.374133e-03 
9.872802e-03 
9.921336e-03 
9.833012e-03 
9.824283e-03 
9.859754e-03 
9.863669e-03 
9.464488e-03 
8.580188e-03 
7.527019e-03 
6.864349e-03 
6.760199e-03 
7.105104e-03 
7.966571e-03 
9.036305e-03 
9.763163e-03 
9.872594e-03 
9.623775e-03 
9.377913e-03 
1.011398e-02 
1.111820e-02 
1.144597e-02 
1.132649e-02 
1.125367e-02 
1.130557e-02 
1.122944e-02 
1.049452e-02 
9.819142e-03 
9.702463e-03 
9.840735e-03 
1.050007e-02 
1.089336e-02 
1.057966e-02 
1.088134e-02 
1.198572e-02 
1.344227e-02 
1.419918e-02 
1.362230e-02 
1.273933e-02 
1.249630e-02 
1.235606e-02 
1.251564e-02 
1.274911e-02 
1.281236e-02 
1.278562e-02 
1.281838e-02 
1.268334e-02 
1.191281e-02 
1.138017e-02 
1.122625e-02 
1.060895e-02 
1.006359e-02 
1.001801e-02 
1.003187e-02 
9.382091e-03 
8.345410e-03 
7.339649e-03 
6.308701e-03 
5.009227e-03 
3.693813e-03 
2.690226e-03 
1.923698e-03 
1.309251e-03 
6.073402e-04 
-2.580987e-05 
-1.394584e-03 
-3.694158e-03 
-6.604928e-03 
-9.191722e-03 
-9.958444e-03 
-9.979254e-03 
-1.090490e-02 
-1.247906e-02 
-1.374872e-02 
-1.459128e-02 
-1.513781e-02 
-1.502514e-02 
-1.413962e-02 
-1.353802e-02 
-1.315240e-02 
-1.206287e-02 
-1.102508e-02 
-1.122029e-02 
-1.109315e-02 
-1.038794e-02 
-9.676696e-03 
-9.764259e-03 
-1.006940e-02 
-1.007820e-02 
-9.894690e-03 
-9.166242e-03 
-8.129919e-03 
-7.087979e-03 
-6.065258e-03 
-5.365976e-03 
-5.227696e-03 
-5.672140e-03 
-6.844673e-03 
-8.385269e-03 
-9.918780e-03 
-1.109162e-02 
-1.204077e-02 
-1.262884e-02 
-1.275854e-02 
-1.272587e-02 
-1.269821e-02 
-1.241921e-02 
-1.224551e-02 
-1.181501e-02 
-1.137680e-02 
-1.127072e-02 
-1.120060e-02 
-1.047117e-02 
-9.389420e-03 
-8.510511e-03 
-7.977294e-03 
-8.042941e-03 
-7.071742e-03 
-6.322191e-03 
-5.677933e-03 
-4.426234e-03 
-2.936827e-03 
-2.254607e-03 
-2.300029e-03 
-1.934778e-03 
-1.163385e-03 
-8.431128e-04 
-9.258799e-04 
-6.464413e-04 
-7.071802e-05 
6.351693e-04 
1.322193e-03 
1.028428e-03 
5.813941e-04 
1.121795e-03 
2.257888e-03 
3.318469e-03 
3.713011e-03 
4.230771e-03 
4.928036e-03 
5.197011e-03 
5.120337e-03 
5.104368e-03 
5.744852e-03 
6.759248e-03 
7.729679e-03 
8.061858e-03 
7.988419e-03 
7.931462e-03 
7.962684e-03 
7.944294e-03 
7.906248e-03 
7.889257e-03 
7.878765e-03 
7.736815e-03 
6.946749e-03 
6.265531e-03 
6.134964e-03 
6.216028e-03 
6.674436e-03 
7.428543e-03 
7.761989e-03 
8.288076e-03 
9.900332e-03 
1.183591e-02 
1.377798e-02 
1.547916e-02 
1.591162e-02 
1.547571e-02 
1.613080e-02 
1.763871e-02 
1.842121e-02 
1.834230e-02 
1.822140e-02 
1.838183e-02 
1.853100e-02 
1.801658e-02 
1.734010e-02 
1.721269e-02 
1.744550e-02 
1.732966e-02 
1.597847e-02 
1.363003e-02 
1.140522e-02 
9.935583e-03 
8.134925e-03 
5.633509e-03 
3.016035e-03 
1.209908e-03 
-5.810503e-05 
-1.352967e-03 
-2.486402e-03 
-3.345882e-03 
-3.943642e-03 
-4.991481e-03 
-6.112784e-03 
-6.489012e-03 
-6.738500e-03 
-7.849522e-03 
-8.968445e-03 
-8.677010e-03 
-8.638222e-03 
-9.895930e-03 
-1.107008e-02 
-1.128507e-02 
-1.109932e-02 
-1.106249e-02 
-1.148364e-02 
-1.240250e-02 
-1.286850e-02 
-1.282108e-02 
-1.275847e-02 
-1.288382e-02 
-1.362178e-02 
-1.431608e-02 
-1.448758e-02 
-1.451555e-02 
-1.569990e-02 
-1.754552e-02 
-1.792086e-02 
-1.745281e-02 
-1.725056e-02 
-1.734843e-02 
-1.741195e-02 
-1.720861e-02 
-1.629245e-02 
-1.494817e-02 
-1.426307e-02 
-1.431566e-02 
-1.414482e-02 
-1.263211e-02 
-1.185413e-02 
-1.299742e-02 
-1.430398e-02 
-1.451652e-02 
-1.423980e-02 
-1.417105e-02 
-1.427738e-02 
-1.431911e-02 
-1.426737e-02 
-1.437301e-02 
-1.515367e-02 
-1.572910e-02 
-1.574978e-02 
-1.561417e-02 
-1.556150e-02 
-1.548295e-02 
-1.482714e-02 
-1.375439e-02 
-1.262904e-02 
-1.153576e-02 
-9.878650e-03 
-8.177651e-03 
-7.246399e-03 
-6.552385e-03 
-5.850276e-03 
-4.941137e-03 
-4.412224e-03 
-3.707639e-03 
-2.370451e-03 
-1.062202e-03 
-4.202947e-05 
9.136152e-04 
1.917616e-03 
3.260465e-03 
4.500215e-03 
5.547043e-03 
5.723397e-03 
5.908573e-03 
7.677892e-03 
9.989909e-03 
1.138257e-02 
1.204568e-02 
1.270756e-02 
1.359018e-02 
1.445565e-02 
1.525435e-02 
1.561312e-02 
1.567406e-02 
1.626636e-02 
1.821460e-02 
1.998336e-02 
1.975417e-02 
1.904424e-02 
1.901632e-02 
1.931941e-02 
1.897120e-02 
1.822081e-02 
1.800925e-02 
1.823455e-02 
1.841939e-02 
1.826760e-02 
1.749961e-02 
1.700980e-02 
1.706134e-02 
1.758511e-02 
1.761940e-02 
1.730869e-02 
1.718443e-02 
1.725825e-02 
1.677480e-02 
1.600099e-02 
1.548128e-02 
1.455435e-02 
1.331883e-02 
1.218050e-02 
1.145329e-02 
1.072443e-02 
1.003008e-02 
9.565026e-03 
8.612796e-03 
7.347430e-03 
6.552894e-03 
5.846841e-03 
5.229375e-03 
4.389016e-03 
3.938021e-03 
3.648342e-03 
2.607199e-03 
2.760787e-03 
3.763870e-03 
4.197013e-03 
4.033504e-03 
4.207847e-03 
5.064525e-03 
5.581175e-03 
5.548478e-03 
5.422460e-03 
5.415252e-03 
5.775930e-03 
6.960075e-03 
8.252285e-03 
8.679838e-03 
8.551540e-03 
8.471406e-03 
8.538723e-03 
8.591283e-03 
8.580510e-03 
8.565091e-03 
8.574057e-03 
8.589070e-03 
8.595476e-03 
8.597975e-03 
8.663935e-03 
9.330145e-03 
1.005292e-02 
1.023079e-02 
1.012143e-02 
1.008247e-02 
9.818931e-03 
8.718478e-03 
7.380724e-03 
6.018375e-03 
4.613963e-03 
3.103105e-03 
1.540736e-03 
3.075542e-04 
-8.482589e-04 
-9.532998e-04 
-3.694597e-04 
1.921348e-04 
9.374831e-04 
1.339887e-03 
1.352716e-03 
1.244717e-03 
6.036378e-04 
-1.949116e-04 
-1.036375e-03 
-1.608020e-03 
-1.711038e-03 
-1.637660e-03 
-1.680539e-03 
-2.431670e-03 
-3.836463e-03 
-5.035081e-03 
-6.222251e-03 
-7.382211e-03 
-8.439768e-03 
-9.078897e-03 
-9.102648e-03 
-8.366728e-03 
-8.187517e-03 
-9.595187e-03 
-1.074810e-02 
-1.081175e-02 
-1.053244e-02 
-1.088228e-02 
-1.178148e-02 
-1.252707e-02 
-1.317070e-02 
-1.340791e-02 
-1.369290e-02 
-1.434542e-02 
-1.466066e-02 
-1.455504e-02 
-1.476255e-02 
-1.545443e-02 
-1.574033e-02 
-1.555528e-02 
-1.535312e-02 
-1.523992e-02 
-1.512597e-02 
-1.452567e-02 
-1.356199e-02 
-1.263088e-02 
-1.177609e-02 
-1.138441e-02 
-1.130322e-02 
-1.126115e-02 
-1.100280e-02 
-1.012165e-02 
-8.967441e-03 
-8.025421e-03 
-7.716293e-03 
-7.727040e-03 
-7.679811e-03 
-7.382641e-03 
-7.049576e-03 
-7.228146e-03 
-7.266380e-03 
-6.487246e-03 
-5.850126e-03 
-5.803770e-03 
-6.130520e-03 
-6.951808e-03 
-8.012213e-03 
-9.351446e-03 
-1.035899e-02 
-1.112572e-02 
-1.171529e-02 
-1.134883e-02 
-1.083440e-02 
-1.195678e-02 
-1.334667e-02 
-1.366990e-02 
-1.342164e-02 
-1.331251e-02 
-1.341612e-02 
-1.358545e-02 
-1.423141e-02 
-1.492849e-02 
-1.566889e-02 
-1.594081e-02 
-1.586517e-02 
-1.525823e-02 
-1.486527e-02 
-1.455539e-02 
-1.352878e-02 
-1.190897e-02 
-9.910568e-03 
-7.791619e-03 
-6.191141e-03 
-4.765924e-03 
-3.430513e-03 
-2.979338e-03 
-3.058129e-03 
-3.131059e-03 
-3.087223e-03 
-3.073428e-03 
-2.991369e-03 
-2.297767e-03 
-1.628210e-03 
-1.061270e-03 
-3.985953e-04 
3.741263e-05 
7.683629e-04 
1.785852e-03 
2.548167e-03 
2.230637e-03 
2.750935e-03 
4.575096e-03 
5.993849e-03 
6.391709e-03 
7.485077e-03 
8.875667e-03 
9.399634e-03 
9.811824e-03 
1.106130e-02 
1.227088e-02 
1.264491e-02 
1.327819e-02 
1.463212e-02 
1.490225e-02 
1.507147e-02 
1.570608e-02 
1.614968e-02 
1.624839e-02 
1.626319e-02 
1.634253e-02 
1.564402e-02 
1.420812e-02 
1.351007e-02 
1.283364e-02 
1.153590e-02 
1.089424e-02 
1.102251e-02 
1.125280e-02 
1.124833e-02 
1.052750e-02 
9.206228e-03 
8.343939e-03 
7.733817e-03 
6.904094e-03 
5.902100e-03 
5.480357e-03 
5.585469e-03 
5.716833e-03 
5.717096e-03 
5.716081e-03 
5.739847e-03 
5.751404e-03 
5.722911e-03 
5.703854e-03 
5.697924e-03 
5.690115e-03 
5.276669e-03 
4.428565e-03 
3.409085e-03 
2.055728e-03 
1.938034e-03 
2.393070e-03 
1.857122e-03 
6.257483e-04 
-3.580810e-04 
-5.489140e-04 
-8.418658e-04 
-1.572635e-03 
-1.975104e-03 
-2.277962e-03 
-1.992639e-03 
-4.658686e-04 
4.303530e-04 
-9.950461e-05 
-4.429172e-04 
4.046413e-04 
1.672220e-03 
2.519267e-03 
2.591072e-03 
2.457008e-03 
2.481822e-03 
3.118902e-03 
4.106164e-03 
5.095590e-03 
5.504055e-03 
5.442163e-03 
5.372625e-03 
5.391172e-03 
5.426585e-03 
5.392445e-03 
5.371844e-03 
5.402313e-03 
5.442948e-03 
5.428299e-03 
5.413035e-03 
5.097682e-03 
4.285174e-03 
3.531945e-03 
2.662272e-03 
1.613109e-03 
8.017148e-04 
-2.421055e-05 
-5.946945e-04 
-6.710426e-04 
-9.637785e-04 
-1.843985e-03 
-2.978972e-03 
-3.706138e-03 
-4.580336e-03 
-6.170941e-03 
-6.976754e-03 
-6.739178e-03 
-6.567749e-03 
-7.362576e-03 
-8.284443e-03 
-9.146030e-03 
-9.577838e-03 
-9.744727e-03 
-1.045796e-02 
-1.111491e-02 
-1.123568e-02 
-1.067824e-02 
-1.047344e-02 
-1.194466e-02 
-1.373612e-02 
-1.413990e-02 
-1.317542e-02 
-1.251279e-02 
-1.258103e-02 
-1.276708e-02 
-1.275052e-02 
-1.267534e-02 
-1.268982e-02 
-1.324411e-02 
-1.399079e-02 
-1.422425e-02 
-1.410002e-02 
-1.400931e-02 
-1.402106e-02 
-1.404326e-02 
-1.374965e-02 
-1.284832e-02 
-1.172599e-02 
-1.090900e-02 
-1.013980e-02 
-9.403084e-03 
-9.066701e-03 
-8.461137e-03 
-7.632777e-03 
-6.690064e-03 
-5.943883e-03 
-5.418652e-03 
-4.558818e-03 
-3.664396e-03 
-2.648944e-03 
-1.444839e-03 
5.656032e-06 
1.239934e-03 
2.235001e-03 
2.748649e-03 
3.870104e-03 
6.176706e-03 
8.297490e-03 
9.219542e-03 
9.855014e-03 
1.083337e-02 
1.194457e-02 
1.277250e-02 
1.351921e-02 
1.428890e-02 
1.526941e-02 
1.675031e-02 
1.781681e-02 
1.747053e-02 
1.696731e-02 
1.693670e-02 
1.719778e-02 
1.794460e-02 
1.864806e-02 
1.941205e-02 
1.993923e-02 
2.003378e-02 
1.996395e-02 
1.994833e-02 
1.988907e-02 
1.920993e-02 
1.854342e-02 
1.831305e-02 
1.782768e-02 
1.749780e-02 
1.711336e-02 
1.692810e-02 
1.722372e-02 
1.746251e-02 
1.792843e-02 
1.834908e-02 
1.800270e-02 
1.713576e-02 
1.632392e-02 
1.551003e-02 
1.452315e-02 
1.348930e-02 
1.265152e-02 
1.196996e-02 
1.114230e-02 
1.011248e-02 
9.388404e-03 
8.454046e-03 
7.037255e-03 
5.784320e-03 
5.942930e-03 
6.567877e-03 
6.714635e-03 
6.559220e-03 
6.326713e-03 
5.631943e-03 
5.080906e-03 
5.013111e-03 
4.592036e-03 
3.824006e-03 
3.537191e-03 
3.948214e-03 
3.817730e-03 
2.730336e-03 
1.980124e-03 
1.366095e-03 
7.364918e-04 
-9.642504e-05 
-8.247894e-04 
-1.552219e-03 
-2.445578e-03 
-3.444483e-03 
-3.932486e-03 
-4.490581e-03 
-5.202270e-03 
-6.061732e-03 
-6.729988e-03 
-6.859191e-03 
-7.098784e-03 
-7.908207e-03 
-8.719314e-03 
-9.517443e-03 
-9.853483e-03 
-9.808477e-03 
-1.003476e-02 
-1.087332e-02 
-1.164631e-02 
-1.241939e-02 
-1.276942e-02 
-1.314614e-02 
-1.388826e-02 
-1.437636e-02 
-1.505363e-02 
-1.563277e-02 
-1.567291e-02 
-1.488117e-02 
-1.417600e-02 
-1.408281e-02 
-1.435708e-02 
-1.498838e-02 
-1.480063e-02 
-1.423817e-02 
-1.408777e-02 
-1.421966e-02 
-1.428806e-02 
-1.471030e-02 
-1.548921e-02 
-1.541997e-02 
-1.457156e-02 
-1.416608e-02 
-1.410533e-02 
-1.302324e-02 
-1.174486e-02 
-1.256222e-02 
-1.407373e-02 
-1.446237e-02 
-1.415236e-02 
-1.401474e-02 
-1.411166e-02 
-1.411396e-02 
-1.349760e-02 
-1.260176e-02 
-1.188777e-02 
-1.138540e-02 
-1.089364e-02 
-1.061583e-02 
-1.002272e-02 
-9.178506e-03 
-8.549424e-03 
-7.757692e-03 
-6.987539e-03 
-6.090568e-03 
-5.542990e-03 
-4.865374e-03 
-4.154274e-03 
-3.900949e-03 
-3.847475e-03 
-3.256883e-03 
-2.452840e-03 
-2.163581e-03 
-2.256495e-03 
-2.321049e-03 
-2.841933e-03 
-3.553933e-03 
-3.794867e-03 
-3.703880e-03 
-3.640585e-03 
-3.673553e-03 
-3.698534e-03 
-3.643698e-03 
-3.204944e-03 
-1.700096e-03 
-5.250843e-04 
-4.306362e-05 
6.572650e-04 
1.778534e-03 
2.688842e-03 
3.591095e-03 
4.913688e-03 
5.962084e-03 
6.918714e-03 
8.567935e-03 
1.015223e-02 
1.010306e-02 
1.001630e-02 
1.091972e-02 
1.213750e-02 
1.294016e-02 
1.364318e-02 
1.361414e-02 
1.324515e-02 
1.366933e-02 
1.418090e-02 
1.425818e-02 
1.375614e-02 
1.291138e-02 
1.219108e-02 
1.149938e-02 
1.121735e-02 
1.124366e-02 
1.129286e-02 
1.127699e-02 
1.126406e-02 
1.172595e-02 
1.253802e-02 
1.285551e-02 
1.275120e-02 
1.267494e-02 
1.268683e-02 
1.269350e-02 
1.254647e-02 
1.183417e-02 
1.124802e-02 
1.115957e-02 
1.128246e-02 
1.131597e-02 
1.127339e-02 
1.124024e-02 
1.072369e-02 
9.961271e-03 
1.019332e-02 
1.050774e-02 
1.005390e-02 
9.649034e-03 
9.116248e-03 
8.443082e-03 
7.653871e-03 
6.733585e-03 
5.680895e-03 
4.652216e-03 
4.076949e-03 
4.483033e-03 
3.623211e-03 
1.534704e-03 
4.934929e-04 
6.489299e-04 
6.584157e-04 
-2.198150e-04 
-1.411777e-03 
-2.191917e-03 
-2.884579e-03 
-4.131695e-03 
-5.146602e-03 
-6.148472e-03 
-7.580885e-03 
-8.918215e-03 
-1.019362e-02 
-1.105598e-02 
-1.186522e-02 
-1.309672e-02 
-1.432235e-02 
-1.528494e-02 
-1.565965e-02 
-1.620742e-02 
-1.657796e-02 
-1.683012e-02 
-1.665952e-02 
-1.646771e-02 
-1.591795e-02 
-1.557072e-02 
-1.553278e-02 
-1.559859e-02 
-1.551717e-02 
-1.478574e-02 
-1.408320e-02 
-1.433546e-02 
-1.528310e-02 
-1.575915e-02 
-1.603520e-02 
-1.670245e-02 
-1.676153e-02 
-1.594081e-02 
-1.543133e-02 
-1.548316e-02 
-1.562146e-02 
-1.560784e-02 
-1.555023e-02 
-1.554761e-02 
-1.556290e-02 
-1.554994e-02 
-1.540534e-02 
-1.418978e-02 
-1.317650e-02 
-1.351934e-02 
-1.356952e-02 
-1.232311e-02 
-1.081564e-02 
-9.678985e-03 
-8.716591e-03 
-7.723369e-03 
-6.429593e-03 
-5.042260e-03 
-3.712620e-03 
-2.144561e-03 
-1.161276e-03 
-3.204803e-04 
6.889294e-04 
1.645437e-03 
2.577375e-03 
3.336384e-03 
3.611603e-03 
4.186741e-03 
5.215503e-03 
6.595377e-03 
8.143961e-03 
9.695774e-03 
1.123575e-02 
1.259027e-02 
1.375537e-02 
1.478466e-02 
1.576907e-02 
1.621644e-02 
1.622611e-02 
1.621204e-02 
1.631980e-02 
1.635273e-02 
1.573850e-02 
1.504831e-02 
1.463475e-02 
1.435054e-02 
1.491018e-02 
1.605876e-02 
1.651085e-02 
1.612436e-02 
1.560216e-02 
1.576974e-02 
1.575152e-02 
1.556097e-02 
1.550569e-02 
1.556127e-02 
1.574993e-02 
1.630088e-02 
1.537931e-02 
1.329243e-02 
1.229281e-02 
1.247324e-02 
1.251757e-02 
1.167795e-02 
1.073652e-02 
9.855855e-03 
8.892667e-03 
7.870638e-03 
6.925457e-03 
6.569749e-03 
6.604456e-03 
6.673364e-03 
6.658232e-03 
6.629080e-03 
6.611810e-03 
6.593665e-03 
6.037644e-03 
5.265435e-03 
4.945764e-03 
4.442244e-03 
3.746890e-03 
2.904746e-03 
2.221666e-03 
2.056212e-03 
1.819501e-03 
1.025920e-03 
1.488695e-04 
-7.447200e-04 
-1.701269e-03 
-2.705302e-03 
-3.590993e-03 
-3.891639e-03 
-3.828003e-03 
-3.808467e-03 
-4.011408e-03 
-4.251159e-03 
-3.470448e-03 
-1.934871e-03 
-1.455712e-03 
-2.078752e-03 
-2.469376e-03 
-2.370407e-03 
-2.236120e-03 
-2.262958e-03 
-2.323034e-03 
-2.315161e-03 
-1.865530e-03 
-1.285516e-03 
-2.242477e-03 
-3.840788e-03 
-5.066882e-03 
-5.973169e-03 
-6.649394e-03 
-6.868175e-03 
-6.842242e-03 
-6.814192e-03 
-6.820105e-03 
-6.828221e-03 
-6.813022e-03 
-6.300334e-03 
-5.505755e-03 
-5.211389e-03 
-5.055321e-03 
-4.326077e-03 
-3.777253e-03 
-3.735239e-03 
-3.811704e-03 
-3.776921e-03 
-3.718183e-03 
-3.713594e-03 
-3.688757e-03 
-3.108459e-03 
-2.256313e-03 
-1.927270e-03 
-1.997619e-03 
-2.025777e-03 
-1.978948e-03 
-1.934702e-03 
-1.903271e-03 
-1.577504e-03 
-1.132701e-03 
-8.590499e-04 
-4.702635e-04 
-1.748136e-04 
-1.437763e-04 
-7.367577e-04 
-1.648647e-03 
-1.061382e-03 
4.274360e-04 
1.627774e-03 
1.916846e-03 
1.872837e-03 
2.288156e-03 
2.536297e-03 
2.391611e-03 
2.293770e-03 
2.381673e-03 
2.508941e-03 
2.960037e-03 
2.802173e-03 
1.475055e-03 
9.602325e-04 
1.355553e-03 
1.670014e-03 
1.614828e-03 
9.472171e-04 
2.830281e-04 
1.433586e-04 
-1.072387e-04 
-8.193487e-04 
-1.206736e-03 
-1.523257e-03 
-2.092873e-03 
-2.201470e-03 
-2.342579e-03 
-2.438391e-03 
-2.118860e-03 
-1.575442e-03 
-1.062577e-03 
-9.175400e-04 
-9.735393e-04 
-1.000363e-03 
-9.749424e-04 
-9.601295e-04 
-9.686441e-04 
-9.767761e-04 
-9.755353e-04 
-9.728122e-04 
-9.735300e-04 
-9.754081e-04 
-9.761333e-04 
-9.761896e-04 
-9.765877e-04 
-9.772892e-04 
-1.117534e-03 
-1.860610e-03 
-2.034947e-03 
-8.227579e-04 
8.626338e-05 
-7.405964e-06 
6.202769e-05 
4.227361e-04 
5.997683e-04 
5.487867e-04 
4.881033e-04 
5.004553e-04 
5.412548e-04 
1.071628e-03 
1.664127e-03 
9.651837e-04 
-4.918134e-04 
-1.168700e-03 
-1.049521e-03 
-8.908868e-04 
-1.073760e-03 
-1.729508e-03 
-2.028724e-03 
-2.239421e-03 
-2.229377e-03 
-1.663969e-03 
-1.358681e-03 
-1.127950e-03 
-1.004541e-03 
-9.823692e-04 
-9.938929e-04 
-9.967376e-04 
-9.921759e-04 
-9.908926e-04 
-1.078064e-03 
-1.469457e-03 
-1.640759e-03 
-1.249278e-03 
-1.187851e-03 
-1.565877e-03 
-1.594414e-03 
-1.839326e-03 
-2.289584e-03 
-2.856059e-03 
-3.690414e-03 
-4.437798e-03 
-4.944688e-03 
-5.310219e-03 
-5.424681e-03 
-5.403203e-03 
-5.446509e-03 
-6.056394e-03 
-6.066405e-03 
-4.883436e-03 
-3.873207e-03 
-3.793069e-03 
-3.937686e-03 
-3.324989e-03 
-2.865551e-03 
-2.869047e-03 
-3.557396e-03 
-4.001383e-03 
-3.970399e-03 
-3.672845e-03 
-2.903291e-03 
-2.833243e-03 
-3.543290e-03 
-3.938290e-03 
-3.862175e-03 
-3.718499e-03 
-3.681726e-03 
-3.660981e-03 
-3.619879e-03 
-3.532836e-03 
-3.143743e-03 
-3.095130e-03 
-2.930443e-03 
-3.061729e-03 
-3.265378e-03 
-3.272432e-03 
-3.726486e-03 
-4.390075e-03 
-4.794503e-03 
-5.446342e-03 
-5.851324e-03 
-5.819317e-03 
-5.224107e-03 
-4.500576e-03 
-4.850748e-03 
-5.488516e-03 
-5.586248e-03 
-5.393842e-03 
-5.260101e-03 
-5.139639e-03 
-4.434737e-03 
-3.680617e-03 
-3.472023e-03 
-3.496805e-03 
-2.899548e-03 
-1.811529e-03 
-1.283792e-03 
-1.370175e-03 
-6.237800e-04 
8.268279e-04 
2.097783e-03 
2.826616e-03 
2.993633e-03 
2.979578e-03 
3.037253e-03 
3.115473e-03 
3.546083e-03 
4.063585e-03 
4.446192e-03 
5.387395e-03 
5.840837e-03 
5.836600e-03 
6.087111e-03 
6.952925e-03 
8.028773e-03 
9.000636e-03 
9.362136e-03 
9.316129e-03 
9.263092e-03 
9.310139e-03 
9.355310e-03 
9.331928e-03 
9.337392e-03 
9.371716e-03 
9.915195e-03 
1.074165e-02 
1.149620e-02 
1.220160e-02 
1.246583e-02 
1.242793e-02 
1.238915e-02 
1.245224e-02 
1.247328e-02 
1.245155e-02 
1.243303e-02 
1.238158e-02 
1.177502e-02 
1.102936e-02 
1.019655e-02 
9.550237e-03 
8.787944e-03 
7.475957e-03 
6.257285e-03 
5.320388e-03 
4.448498e-03 
3.651518e-03 
2.348617e-03 
1.029959e-03 
1.312189e-03 
2.037672e-03 
1.732355e-03 
7.361383e-04 
-1.245798e-04 
-7.822424e-04 
-9.998330e-04 
-1.103699e-03 
-1.779129e-03 
-2.378989e-03 
-2.327505e-03 
-1.619424e-03 
-1.865940e-03 
-3.195879e-03 
-4.042127e-03 
-4.005002e-03 
-3.834718e-03 
-3.840378e-03 
-3.892081e-03 
-3.701466e-03 
-2.881232e-03 
-2.303964e-03 
-2.288732e-03 
-2.426756e-03 
-2.414596e-03 
-2.331509e-03 
-1.981083e-03 
-1.499123e-03 
-1.027956e-03 
-8.815714e-04 
-8.854810e-04 
-5.423620e-04 
-1.776051e-04 
9.287267e-05 
4.507152e-04 
6.046373e-04 
5.752228e-04 
5.373759e-04 
5.621355e-04 
5.937726e-04 
5.985827e-04 
6.287354e-04 
8.739518e-04 
1.348559e-03 
1.879453e-03 
1.773326e-03 
1.232304e-03 
7.180560e-04 
-2.565769e-04 
-9.488373e-04 
-1.355768e-04 
9.495967e-04 
1.244007e-03 
1.116815e-03 
1.210603e-03 
2.071501e-03 
2.902076e-03 
3.115473e-03 
3.096678e-03 
2.914025e-03 
3.493810e-03 
4.237243e-03 
3.561815e-03 
2.480948e-03 
2.271114e-03 
2.616078e-03 
2.342633e-03 
1.963072e-03 
1.713607e-03 
1.653248e-03 
1.737509e-03 
1.792546e-03 
1.232272e-03 
5.455621e-04 
7.932297e-05 
-5.568350e-05 
-5.209895e-04 
-8.613191e-04 
-8.542006e-04 
-7.609370e-04 
-8.497245e-04 
-1.613989e-03 
-2.248788e-03 
-2.537430e-03 
-3.214295e-03 
-3.774815e-03 
-3.874225e-03 
-3.815664e-03 
-4.384842e-03 
-5.174503e-03 
-5.415859e-03 
-5.296365e-03 
-5.229115e-03 
-5.273608e-03 
-5.307534e-03 
-5.537158e-03 
-5.756855e-03 
-5.946065e-03 
-6.081092e-03 
-6.761188e-03 
-7.797213e-03 
-7.569704e-03 
-6.861194e-03 
-6.665508e-03 
-6.792339e-03 
-6.867141e-03 
-6.811808e-03 
-6.782079e-03 
-6.811950e-03 
-6.845000e-03 
-6.833729e-03 
-6.804745e-03 
-6.269290e-03 
-5.649200e-03 
-6.160132e-03 
-6.848624e-03 
-6.982485e-03 
-6.605819e-03 
-5.729805e-03 
-5.194454e-03 
-4.673930e-03 
-3.990002e-03 
-3.187574e-03 
-2.278540e-03 
-1.291902e-03 
-7.986171e-04 
-2.762562e-04 
4.434598e-04 
7.809123e-04 
9.048775e-04 
1.472218e-03 
1.800067e-03 
2.077527e-03 
2.229997e-03 
2.253475e-03 
2.422359e-03 
3.213007e-03 
3.792525e-03 
3.842047e-03 
3.761760e-03 
3.751980e-03 
3.807348e-03 
3.794997e-03 
3.798413e-03 
4.164941e-03 
4.693089e-03 
5.000161e-03 
4.866156e-03 
4.843865e-03 
4.273776e-03 
3.932996e-03 
4.638847e-03 
5.308277e-03 
5.333175e-03 
5.157857e-03 
4.950221e-03 
4.217587e-03 
3.657641e-03 
3.083923e-03 
2.419918e-03 
2.715840e-03 
3.737076e-03 
3.097954e-03 
1.409287e-03 
7.244232e-04 
1.154309e-03 
1.190549e-03 
9.171351e-04 
8.323984e-04 
6.360056e-04 
2.741616e-04 
1.999663e-04 
8.577098e-04 
1.324377e-03 
1.342381e-03 
1.281342e-03 
1.360191e-03 
1.513132e-03 
1.591743e-03 
1.665790e-03 
1.692086e-03 
1.153737e-03 
5.522987e-04 
4.528706e-04 
3.064015e-04 
-4.624774e-04 
-1.513727e-03 
-2.146415e-03 
-2.109366e-03 
-1.925880e-03 
-2.126874e-03 
-2.924493e-03 
-3.378129e-03 
-3.856347e-03 
-4.385588e-03 
-4.551487e-03 
-4.469599e-03 
-4.557188e-03 
-5.509086e-03 
-6.620662e-03 
-6.346245e-03 
-5.626372e-03 
-5.598924e-03 
-6.489788e-03 
-7.093035e-03 
-7.058160e-03 
-6.869540e-03 
-7.044193e-03 
-7.883940e-03 
-8.442422e-03 
-8.215721e-03 
-7.262587e-03 
-6.876125e-03 
-7.693681e-03 
-8.357365e-03 
-8.336432e-03 
-8.168703e-03 
-7.632851e-03 
-6.928055e-03 
-6.646544e-03 
-6.191185e-03 
-5.476018e-03 
-4.663298e-03 
-3.959497e-03 
-3.740458e-03 
-3.612937e-03 
-2.857526e-03 
-2.085170e-03 
-1.291843e-03 
-8.848873e-04 
-8.304298e-04 
-5.272392e-04 
1.221058e-05 
5.261140e-04 
6.569707e-04 
7.749674e-04 
1.562348e-03 
2.162034e-03 
2.192649e-03 
2.055538e-03 
2.070010e-03 
2.672768e-03 
3.458569e-03 
3.885610e-03 
4.558077e-03 
5.051242e-03 
5.143133e-03 
5.056680e-03 
4.491529e-03 
3.412657e-03 
3.697219e-03 
4.861044e-03 
5.359927e-03 
5.164424e-03 
5.192381e-03 
6.034574e-03 
6.661220e-03 
6.677020e-03 
6.529089e-03 
6.522907e-03 
6.582767e-03 
6.759516e-03 
6.973417e-03 
6.723872e-03 
5.934394e-03 
5.157645e-03 
4.954090e-03 
5.045675e-03 
5.060819e-03 
4.991877e-03 
4.965845e-03 
4.966670e-03 
4.966511e-03 
4.960310e-03 
4.956374e-03 
4.959048e-03 
4.984950e-03 
5.005901e-03 
5.021463e-03 
5.044271e-03 
5.071549e-03 
5.085148e-03 
4.522962e-03 
3.793565e-03 
3.573752e-03 
3.713490e-03 
3.804792e-03 
3.595678e-03 
2.857001e-03 
2.423020e-03 
2.488586e-03 
2.672259e-03 
2.724000e-03 
2.713010e-03 
2.738335e-03 
2.812593e-03 
2.889755e-03 
2.950037e-03 
2.758336e-03 
2.001564e-03 
1.619212e-03 
2.040899e-03 
2.131123e-03 
1.880187e-03 
1.787108e-03 
1.696057e-03 
1.012708e-03 
5.420915e-04 
6.080496e-04 
8.090571e-04 
9.010035e-04 
1.470110e-03 
1.988025e-03 
9.356008e-04 
-3.386438e-04 
-5.704933e-04 
-2.171795e-04 
-6.578956e-05 
-3.546974e-04 
-1.116587e-03 
-1.511414e-03 
-1.440832e-03 
-1.352599e-03 
-1.876712e-03 
-2.574337e-03 
-2.730421e-03 
-2.586717e-03 
-2.513924e-03 
-2.508719e-03 
-2.481896e-03 
-2.453843e-03 
-2.412879e-03 
-2.389801e-03 
-2.389839e-03 
-2.394552e-03 
-2.380556e-03 
-2.365506e-03 
-2.631626e-03 
-3.452177e-03 
-3.965467e-03 
-3.942508e-03 
-3.630673e-03 
-2.854970e-03 
-2.357405e-03 
-2.337374e-03 
-2.444982e-03 
-2.461155e-03 
-2.405469e-03 
-2.552881e-03 
-2.813511e-03 
-2.095408e-03 
-5.954634e-04 
1.160249e-04 
-1.041287e-04 
1.496662e-05 
4.281036e-04 
5.925546e-04 
5.031089e-04 
-8.814802e-05 
-8.542959e-04 
-8.572398e-04 
-3.432153e-05 
-6.131117e-04 
-2.103409e-03 
-2.682068e-03 
-2.463473e-03 
-2.290886e-03 
-2.370305e-03 
-2.476327e-03 
-2.456508e-03 
-2.402107e-03 
-2.395802e-03 
-2.413958e-03 
-2.419179e-03 
-2.413298e-03 
-2.410600e-03 
-2.179821e-03 
-1.431053e-03 
-9.518479e-04 
-9.491563e-04 
-1.053084e-03 
-1.050081e-03 
-1.006129e-03 
-1.000685e-03 
-1.017903e-03 
-9.632712e-04 
-5.534811e-04 
-3.070801e-04 
-6.926907e-04 
-1.123389e-03 
-1.804363e-03 
-2.386373e-03 
-2.517290e-03 
-2.438109e-03 
-2.394815e-03 
-2.417931e-03 
-2.435351e-03 
-2.428267e-03 
-2.735031e-03 
-3.461248e-03 
-3.194789e-03 
-2.348992e-03 
-1.462703e-03 
-1.238918e-03 
-1.010163e-03 
-7.661759e-04 
-6.598503e-04 
-7.274379e-04 
-1.389898e-03 
-2.011305e-03 
-2.067532e-03 
-1.493520e-03 
-1.007813e-03 
-1.686337e-03 
-2.484972e-03 
-2.262605e-03 
-1.655801e-03 
-1.465218e-03 
-1.538918e-03 
-1.527453e-03 
-1.443142e-03 
-1.532415e-03 
-1.934915e-03 
-2.440390e-03 
-2.443156e-03 
-2.403440e-03 
-2.562210e-03 
-2.213258e-03 
-1.394161e-03 
-9.849130e-04 
-9.961012e-04 
-5.434293e-04 
2.787165e-04 
6.766066e-04 
1.176687e-03 
1.930028e-03 
2.311194e-03 
2.305551e-03 
2.281290e-03 
2.345689e-03 
2.491147e-03 
3.144321e-03 
3.982226e-03 
4.279770e-03 
4.270308e-03 
4.864898e-03 
5.764459e-03 
6.101614e-03 
6.000345e-03 
5.408362e-03 
5.386845e-03 
6.595246e-03 
7.511605e-03 
6.945616e-03 
6.242628e-03 
6.187907e-03 
6.400077e-03 
6.423902e-03 
5.724045e-03 
5.023701e-03 
4.956172e-03 
5.718110e-03 
6.389276e-03 
5.874618e-03 
5.061486e-03 
4.873332e-03 
5.034036e-03 
5.071648e-03 
5.014339e-03 
4.996675e-03 
5.016240e-03 
4.988571e-03 
4.955488e-03 
4.615005e-03 
3.787244e-03 
3.330710e-03 
3.299277e-03 
2.741750e-03 
2.025330e-03 
1.814573e-03 
1.910460e-03 
1.865227e-03 
1.118085e-03 
4.562253e-04 
3.401887e-04 
4.345942e-04 
3.518010e-04 
-4.085847e-04 
-1.098591e-03 
-1.210852e-03 
-1.468515e-03 
-2.259341e-03 
-2.710330e-03 
-2.694349e-03 
-2.591200e-03 
-2.592850e-03 
-2.658409e-03 
-2.702097e-03 
-2.784341e-03 
-3.347324e-03 
-3.285891e-03 
-2.743917e-03 
-2.502923e-03 
-2.542249e-03 
-2.670315e-03 
-3.347788e-03 
-3.994661e-03 
-4.096377e-03 
-3.945883e-03 
-4.189862e-03 
-4.406707e-03 
-3.377306e-03 
-2.702326e-03 
-3.696065e-03 
-4.541758e-03 
-4.016352e-03 
-3.357202e-03 
-3.249729e-03 
-3.341472e-03 
-2.963655e-03 
-2.451796e-03 
-2.092144e-03 
-1.712680e-03 
-1.983181e-03 
-2.677131e-03 
-2.915726e-03 
-2.777454e-03 
-2.609106e-03 
-2.559652e-03 
-2.542353e-03 
-2.470905e-03 
-2.371823e-03 
-2.454238e-03 
-2.874085e-03 
-3.188631e-03 
-2.646529e-03 
-2.028722e-03 
-1.890523e-03 
-1.961047e-03 
-1.945163e-03 
-1.847366e-03 
-1.781621e-03 
-1.744425e-03 
-1.672145e-03 
-1.604582e-03 
-1.551847e-03 
-1.510088e-03 
-1.517732e-03 
-2.129992e-03 
-2.733864e-03 
-2.142875e-03 
-6.012287e-04 
3.686501e-04 
3.651189e-04 
1.793743e-04 
2.097208e-04 
3.208211e-04 
3.970796e-04 
3.983141e-04 
3.740691e-04 
3.903795e-04 
7.674787e-04 
1.201262e-03 
6.790554e-04 
-5.313010e-04 
-1.291474e-03 
-1.413814e-03 
-1.942401e-03 
-2.582726e-03 
-2.764716e-03 
-2.823542e-03 
-3.526487e-03 
-4.169859e-03 
-4.268653e-03 
-4.152651e-03 
-4.146385e-03 
-4.346614e-03 
-4.834396e-03 
-5.221618e-03 
-5.098871e-03 
-4.536166e-03 
-4.145801e-03 
-4.131858e-03 
-4.212831e-03 
-4.213625e-03 
-3.996290e-03 
-3.201240e-03 
-2.644586e-03 
-2.615741e-03 
-2.731550e-03 
-2.737530e-03 
-2.691077e-03 
-2.433812e-03 
-1.665813e-03 
-1.212061e-03 
-9.670626e-04 
-2.723248e-04 
2.511454e-04 
2.281013e-04 
-5.307381e-04 
-8.968149e-04 
4.315480e-04 
1.723800e-03 
1.957515e-03 
2.344605e-03 
3.007200e-03 
3.286336e-03 
3.208613e-03 
3.125553e-03 
3.147754e-03 
3.189035e-03 
3.923078e-03 
5.011677e-03 
4.296243e-03 
3.166300e-03 
2.919312e-03 
3.147248e-03 
3.507476e-03 
3.512142e-03 
3.489632e-03 
3.815696e-03 
4.010368e-03 
3.516898e-03 
3.153612e-03 
3.175621e-03 
3.299826e-03 
2.923182e-03 
2.162953e-03 
1.884551e-03 
2.024838e-03 
2.203547e-03 
1.788609e-03 
9.858886e-04 
7.243879e-04 
9.215435e-04 
1.088719e-03 
1.114355e-03 
1.134904e-03 
1.219936e-03 
8.606034e-04 
1.360130e-04 
-1.256957e-04 
-9.162527e-06 
1.092953e-04 
1.237268e-04 
1.037154e-04 
1.279600e-04 
1.356502e-04 
-3.618266e-04 
-1.110573e-03 
-6.818912e-04 
9.730023e-04 
1.907668e-03 
1.824806e-03 
1.601628e-03 
1.636839e-03 
1.735454e-03 
1.986424e-03 
2.767283e-03 
3.326155e-03 
3.681090e-03 
4.990452e-03 
5.688623e-03 
5.249069e-03 
4.875940e-03 
4.982864e-03 
5.194858e-03 
5.280692e-03 
5.304088e-03 
5.379561e-03 
5.480596e-03 
5.562362e-03 
5.641371e-03 
5.695798e-03 
6.062859e-03 
6.924965e-03 
7.438198e-03 
7.494805e-03 
7.448282e-03 
7.465104e-03 
7.142467e-03 
6.381625e-03 
5.997193e-03 
6.046625e-03 
6.135770e-03 
5.757181e-03 
4.859195e-03 
3.778802e-03 
3.174927e-03 
3.137963e-03 
2.844848e-03 
2.017713e-03 
1.537707e-03 
1.109937e-03 
4.406573e-04 
5.175589e-05 
-4.193047e-04 
-1.282431e-03 
-2.465396e-03 
-3.621364e-03 
-3.507194e-03 
-2.871636e-03 
-3.182426e-03 
-4.119090e-03 
-4.503811e-03 
-4.905496e-03 
-5.621460e-03 
-5.935459e-03 
-5.856068e-03 
-5.764864e-03 
-5.821097e-03 
-5.720074e-03 
-5.491063e-03 
-6.235535e-03 
-7.269754e-03 
-7.824963e-03 
-8.468526e-03 
-8.897318e-03 
-8.961123e-03 
-8.894069e-03 
-8.880129e-03 
-8.903915e-03 
-8.873073e-03 
-8.767040e-03 
-8.097339e-03 
-7.374359e-03 
-7.174012e-03 
-7.230326e-03 
-6.908216e-03 
-5.993134e-03 
-5.483994e-03 
-5.483887e-03 
-5.555081e-03 
-5.518916e-03 
-5.401018e-03 
-5.300663e-03 
-5.160992e-03 
-4.383093e-03 
-3.626656e-03 
-3.062607e-03 
-2.292445e-03 
-1.846070e-03 
-1.669222e-03 
-9.610588e-04 
-1.071863e-04 
8.255126e-04 
1.387407e-03 
1.496804e-03 
1.513394e-03 
1.598788e-03 
2.149077e-03 
3.468999e-03 
4.666966e-03 
4.978130e-03 
4.891548e-03 
4.927159e-03 
5.038463e-03 
5.104720e-03 
5.141764e-03 
5.234926e-03 
5.530917e-03 
6.915892e-03 
8.335069e-03 
8.197589e-03 
7.283509e-03 
7.013555e-03 
7.270910e-03 
7.437157e-03 
7.422317e-03 
7.413469e-03 
7.235111e-03 
6.505844e-03 
6.043305e-03 
6.062333e-03 
6.172262e-03 
6.184753e-03 
6.172893e-03 
6.223479e-03 
6.252827e-03 
6.242570e-03 
6.209631e-03 
6.197771e-03 
6.124283e-03 
5.767919e-03 
5.865166e-03 
5.856953e-03 
5.161224e-03 
4.649374e-03 
4.664434e-03 
4.672432e-03 
4.213295e-03 
3.583173e-03 
3.182193e-03 
3.145290e-03 
3.207867e-03 
3.204356e-03 
2.792361e-03 
1.963610e-03 
9.907474e-04 
-4.354509e-05 
-1.016801e-04 
2.292001e-04 
1.616320e-04 
-6.963983e-04 
-1.490586e-03 
-2.244306e-03 
-2.732425e-03 
-2.819191e-03 
-3.228211e-03 
-4.011676e-03 
-4.163163e-03 
-3.344791e-03 
-3.762520e-03 
-5.338401e-03 
-6.013217e-03 
-5.817189e-03 
-5.621295e-03 
-5.695099e-03 
-5.776338e-03 
-5.729225e-03 
-5.672611e-03 
-5.708116e-03 
-6.282053e-03 
-6.985290e-03 
-7.167195e-03 
-7.325496e-03 
-8.059692e-03 
-8.535365e-03 
-8.480462e-03 
-8.289200e-03 
-8.240578e-03 
-8.257281e-03 
-8.220308e-03 
-8.527548e-03 
-9.235156e-03 
-9.565068e-03 
-9.452859e-03 
-9.266571e-03 
-9.184443e-03 
-9.161227e-03 
-8.784102e-03 
-8.193099e-03 
-7.580224e-03 
-7.330673e-03 
-7.311924e-03 
-7.245708e-03 
-6.944462e-03 
-6.229492e-03 
-6.550865e-03 
-7.080849e-03 
-6.145250e-03 
-5.114639e-03 
-4.902909e-03 
-5.030752e-03 
-4.975970e-03 
-4.769935e-03 
-4.091088e-03 
-3.311518e-03 
-2.955105e-03 
-2.316768e-03 
-1.261656e-03 
-1.953434e-04 
-1.796387e-04 
-1.041428e-03 
-1.308198e-03 
-2.796946e-04 
1.228222e-03 
1.890427e-03 
1.827319e-03 
1.738398e-03 
2.047913e-03 
2.925369e-03 
3.437241e-03 
3.415044e-03 
3.302351e-03 
3.316148e-03 
3.347098e-03 
3.336832e-03 
3.317998e-03 
3.593785e-03 
4.092023e-03 
4.640745e-03 
4.807630e-03 
4.730062e-03 
4.706722e-03 
4.770474e-03 
4.829057e-03 
5.394638e-03 
6.128667e-03 
6.360216e-03 
6.240253e-03 
6.149765e-03 
6.206571e-03 
6.225736e-03 
6.201611e-03 
6.182236e-03 
6.183487e-03 
5.898169e-03 
4.423207e-03 
3.717778e-03 
4.316099e-03 
4.810405e-03 
4.751824e-03 
4.588490e-03 
4.329827e-03 
3.630358e-03 
3.166106e-03 
3.163566e-03 
3.274417e-03 
3.287741e-03 
3.823175e-03 
4.482244e-03 
3.908479e-03 
3.298394e-03 
3.259184e-03 
3.178364e-03 
3.318039e-03 
3.029456e-03 
2.455396e-03 
2.353039e-03 
2.911929e-03 
3.616007e-03 
4.059847e-03 
4.176650e-03 
4.225054e-03 
4.313967e-03 
4.407733e-03 
4.477968e-03 
4.558697e-03 
4.618554e-03 
4.630308e-03 
4.646980e-03 
4.743825e-03 
4.822865e-03 
4.830844e-03 
4.673967e-03 
3.918840e-03 
3.132326e-03 
2.608974e-03 
2.148550e-03 
1.837340e-03 
1.771161e-03 
1.783606e-03 
1.754061e-03 
1.705596e-03 
1.691260e-03 
1.699396e-03 
1.701829e-03 
1.657445e-03 
1.032144e-03 
-4.931560e-04 
-3.933650e-04 
1.158208e-03 
1.873441e-03 
8.704829e-04 
-8.790464e-04 
-1.552743e-03 
-1.331449e-03 
-1.076047e-03 
-1.080768e-03 
-1.110178e-03 
-9.546535e-04 
-4.895132e-04 
-5.512010e-04 
-1.155130e-03 
-1.561784e-03 
-1.436737e-03 
-2.126430e-03 
-3.176921e-03 
-3.470242e-03 
-3.255808e-03 
-3.087144e-03 
-3.063847e-03 
-3.074857e-03 
-3.028648e-03 
-2.963318e-03 
-2.944761e-03 
-2.919461e-03 
-2.874577e-03 
-2.817649e-03 
-3.061323e-03 
-4.108905e-03 
-3.968830e-03 
-3.977671e-03 
-5.139191e-03 
-5.932713e-03 
-5.871117e-03 
-5.635564e-03 
-5.612834e-03 
-5.697244e-03 
-5.696378e-03 
-5.615910e-03 
-5.551391e-03 
-5.512698e-03 
-5.494138e-03 
-5.446925e-03 
-5.398646e-03 
-5.347664e-03 
-5.967590e-03 
-7.424683e-03 
-7.178074e-03 
-5.513099e-03 
-4.719063e-03 
-4.885482e-03 
-5.050806e-03 
-4.898933e-03 
-4.715649e-03 
-4.681125e-03 
-4.640184e-03 
-4.216666e-03 
-3.353228e-03 
-2.053176e-03 
-1.531676e-03 
-2.852005e-03 
-4.340757e-03 
-4.295228e-03 
-3.130328e-03 
-1.983644e-03 
-1.442647e-03 
-1.384325e-03 
-1.411650e-03 
-1.385696e-03 
-1.380522e-03 
-1.395752e-03 
-1.385959e-03 
-1.260483e-03 
-4.929836e-04 
5.424150e-04 
1.206479e-03 
1.494198e-03 
1.524139e-03 
1.492657e-03 
1.491422e-03 
1.500799e-03 
1.498052e-03 
1.489899e-03 
1.486084e-03 
1.475785e-03 
1.155250e-03 
8.337278e-04 
2.900374e-04 
2.550265e-04 
3.230169e-04 
9.507174e-04 
1.430899e-03 
1.502436e-03 
1.422386e-03 
1.367604e-03 
3.502955e-04 
-7.990577e-04 
2.315352e-04 
1.546501e-03 
1.768310e-03 
1.468573e-03 
1.438922e-03 
2.127624e-03 
2.862315e-03 
3.938548e-03 
4.633844e-03 
4.494465e-03 
4.226405e-03 
4.559179e-03 
4.690498e-03 
3.441212e-03 
2.385477e-03 
2.109517e-03 
2.107482e-03 
2.114398e-03 
2.093859e-03 
2.121841e-03 
2.183871e-03 
2.241033e-03 
2.281510e-03 
2.290065e-03 
2.284212e-03 
2.289754e-03 
2.339118e-03 
2.378877e-03 
2.381007e-03 
2.370140e-03 
2.366516e-03 
2.367469e-03 
2.365995e-03 
2.362011e-03 
2.339249e-03 
2.331595e-03 
2.347712e-03 
2.356395e-03 
2.352172e-03 
2.365872e-03 
2.396885e-03 
2.457391e-03 
2.404012e-03 
1.685750e-03 
1.031765e-03 
8.744838e-04 
4.026322e-04 
-1.833561e-04 
-3.223438e-04 
-1.903307e-04 
-8.752452e-05 
-1.982342e-05 
3.103047e-05 
9.483281e-05 
1.875705e-04 
3.020433e-04 
3.915010e-04 
4.548139e-04 
4.971161e-04 
5.545645e-04 
8.037670e-04 
2.056798e-03 
2.611394e-03 
1.484474e-03 
7.195249e-04 
8.384344e-04 
1.419693e-03 
1.988096e-03 
1.564137e-03 
1.035846e-03 
9.733545e-04 
9.313326e-04 
2.078539e-04 
-8.362105e-04 
-1.691925e-03 
-1.904375e-03 
-1.812868e-03 
-1.783260e-03 
-1.830449e-03 
-1.853261e-03 
-2.089429e-03 
-2.696247e-03 
-3.496643e-03 
-3.949828e-03 
-4.002247e-03 
-4.384809e-03 
-4.672530e-03 
-4.644608e-03 
-4.533033e-03 
-4.494670e-03 
-4.394693e-03 
-3.663477e-03 
-2.641811e-03 
-1.615243e-03 
-1.207575e-03 
-1.575549e-03 
-2.243767e-03 
-3.383406e-03 
-3.139986e-03 
-1.515339e-03 
-6.910400e-04 
-8.547271e-04 
-1.081958e-03 
-1.026934e-03 
-9.284867e-04 
-9.578291e-04 
-9.966553e-04 
-9.832571e-04 
-9.581845e-04 
-2.941310e-04 
1.226722e-03 
1.862128e-03 
1.029807e-03 
3.801717e-04 
1.083269e-03 
1.896194e-03 
1.991430e-03 
1.792982e-03 
1.734113e-03 
1.803609e-03 
1.850161e-03 
1.840038e-03 
1.849296e-03 
1.890054e-03 
1.930609e-03 
1.998789e-03 
2.093323e-03 
2.138253e-03 
2.172295e-03 
2.229455e-03 
2.335650e-03 
2.420972e-03 
2.448766e-03 
2.488627e-03 
2.533243e-03 
2.591397e-03 
2.636547e-03 
2.689751e-03 
2.719577e-03 
2.703300e-03 
2.704314e-03 
2.337834e-03 
1.433898e-03 
3.229100e-04 
-2.960842e-04 
-3.243293e-04 
-2.269036e-04 
-2.378195e-04 
-3.214791e-04 
-6.696210e-04 
-5.822033e-04 
-2.505771e-04 
-1.168719e-04 
-1.025623e-04 
-8.973350e-05 
-3.163718e-05 
3.095028e-05 
9.306536e-05 
1.888872e-04 
7.065656e-05 
-4.816913e-04 
-1.965308e-04 
4.134870e-04 
-3.627310e-04 
-1.934052e-03 
-2.463044e-03 
-2.163153e-03 
-1.927588e-03 
-1.725111e-03 
-9.104356e-04 
2.727741e-04 
1.167061e-03 
1.356884e-03 
1.294541e-03 
1.306078e-03 
1.362113e-03 
1.375416e-03 
1.358343e-03 
1.351950e-03 
1.359322e-03 
1.362379e-03 
1.336712e-03 
1.300155e-03 
1.271068e-03 
1.249005e-03 
1.186436e-03 
1.140932e-03 
1.142552e-03 
1.135264e-03 
1.099954e-03 
1.075501e-03 
1.076542e-03 
1.105328e-03 
1.178799e-03 
1.240136e-03 
1.297659e-03 
1.369057e-03 
1.465593e-03 
9.460949e-04 
-4.363998e-04 
1.251789e-04 
1.779890e-03 
2.498169e-03 
2.434976e-03 
2.500209e-03 
2.801169e-03 
3.096609e-03 
3.293084e-03 
3.487939e-03 
2.415612e-03 
-1.577415e-04 
-8.166713e-04 
3.175527e-04 
4.179684e-05 
-1.516355e-03 
-2.103052e-03 
-1.713546e-03 
-1.347797e-03 
-1.279541e-03 
-1.244785e-03 
-1.162474e-03 
-1.053788e-03 
-9.512086e-04 
-8.691609e-04 
-7.991096e-04 
-7.840690e-04 
-1.339389e-03 
-2.057470e-03 
-2.251489e-03 
-2.170721e-03 
-2.705368e-03 
-3.458864e-03 
-3.660955e-03 
-3.520181e-03 
-3.408809e-03 
-3.402371e-03 
-3.377386e-03 
-3.320411e-03 
-3.289058e-03 
-3.249345e-03 
-3.206350e-03 
-3.185566e-03 
-3.142373e-03 
-3.075054e-03 
-3.026042e-03 
-2.992863e-03 
-3.069564e-03 
-3.490640e-03 
-4.440411e-03 
-5.652657e-03 
-5.916922e-03 
-4.378302e-03 
-2.928415e-03 
-2.726708e-03 
-2.990078e-03 
-3.034729e-03 
-2.931326e-03 
-2.876437e-03 
-2.907512e-03 
-2.942675e-03 
-2.659532e-03 
-1.171469e-03 
-2.929083e-04 
-1.651501e-03 
-2.859929e-03 
-2.256021e-03 
-1.393320e-03 
-1.289167e-03 
-1.004189e-03 
-2.780354e-04 
1.100950e-04 
6.767084e-05 
-2.789959e-05 
-9.095643e-06 
3.785831e-05 
4.291607e-05 
4.405643e-05 
6.369837e-05 
1.372816e-04 
2.290817e-04 
2.609401e-04 
2.726143e-04 
3.243503e-04 
3.651740e-04 
4.136122e-04 
5.182528e-04 
5.822282e-04 
6.067511e-04 
6.565802e-04 
7.358531e-04 
8.124008e-04 
8.994606e-04 
9.803817e-04 
1.036427e-03 
1.114696e-03 
1.201375e-03 
1.278990e-03 
1.342855e-03 
9.319074e-04 
-5.147387e-04 
-7.700117e-04 
8.043453e-04 
1.839778e-03 
1.793264e-03 
1.544376e-03 
1.442315e-03 
1.265697e-03 
1.460606e-03 
1.702020e-03 
1.462308e-03 
1.041541e-03 
1.219236e-03 
1.555018e-03 
4.953967e-04 
-1.047296e-03 
-1.495981e-03 
-1.271340e-03 
-1.159066e-03 
-1.227506e-03 
-1.282669e-03 
-1.267879e-03 
-1.037466e-03 
-2.260010e-04 
6.588869e-04 
6.921427e-04 
8.240198e-04 
1.468598e-03 
1.331366e-03 
1.035295e-03 
1.445902e-03 
1.838716e-03 
1.860846e-03 
1.770650e-03 
1.778784e-03 
1.809932e-03 
1.823041e-03 
1.865166e-03 
1.888559e-03 
1.863906e-03 
1.865632e-03 
1.848899e-03 
1.843517e-03 
1.855744e-03 
1.848528e-03 
1.840478e-03 
1.843721e-03 
1.851809e-03 
1.859683e-03 
1.403886e-03 
1.209670e-04 
4.630492e-04 
1.710344e-03 
2.157678e-03 
1.719586e-03 
1.384365e-03 
1.701459e-03 
1.987663e-03 
1.544066e-03 
8.027913e-04 
2.597756e-04 
7.771423e-04 
1.792892e-03 
2.119430e-03 
1.998649e-03 
1.951716e-03 
2.007527e-03 
2.060303e-03 
2.043442e-03 
1.984521e-03 
1.999657e-03 
2.016732e-03 
1.993374e-03 
1.976017e-03 
1.981911e-03 
1.993605e-03 
1.998913e-03 
2.001332e-03 
1.999738e-03 
1.983918e-03 
1.998847e-03 
2.021783e-03 
1.936161e-03 
1.226029e-03 
4.620437e-04 
-3.403747e-04 
-8.341571e-04 
-8.888814e-04 
-7.696765e-04 
-7.076393e-04 
-6.761474e-04 
-6.418759e-04 
-5.904302e-04 
-5.314746e-04 
-4.774387e-04 
-4.151262e-04 
-3.415672e-04 
-2.885794e-04 
-2.412923e-04 
-1.047789e-03 
-1.653379e-03 
-6.667434e-04 
1.818938e-04 
2.338083e-04 
1.147142e-04 
1.692557e-04 
2.539772e-04 
-2.422719e-05 
-2.717353e-06 
2.893774e-04 
4.612857e-04 
4.521043e-04 
4.442262e-04 
5.111579e-04 
2.062894e-04 
2.241789e-05 
-1.374781e-04 
-1.080068e-03 
-2.211890e-03 
-2.535896e-03 
-2.386467e-03 
-2.292975e-03 
-2.284478e-03 
-2.273489e-03 
-2.249822e-03 
-2.194217e-03 
-2.159342e-03 
-2.155843e-03 
-2.157955e-03 
-2.152748e-03 
-2.145421e-03 
-2.140861e-03 
-2.137635e-03 
-2.133557e-03 
-2.132876e-03 
-2.172301e-03 
-2.194923e-03 
-2.151881e-03 
-2.170525e-03 
-2.240526e-03 
-2.250909e-03 
-2.209209e-03 
-2.198658e-03 
-2.186566e-03 
-2.180662e-03 
-2.174625e-03 
-2.125948e-03 
-2.076573e-03 
-2.038006e-03 
-2.078584e-03 
-2.351757e-03 
-2.140334e-03 
-1.498310e-03 
-8.194053e-04 
-1.331890e-04 
8.384348e-04 
1.503439e-03 
1.633445e-03 
1.612861e-03 
1.696054e-03 
1.818002e-03 
2.194748e-03 
3.754504e-03 
4.775374e-03 
3.536376e-03 
2.131218e-03 
1.999212e-03 
2.416077e-03 
2.535693e-03 
2.411485e-03 
2.392218e-03 
2.491947e-03 
2.544680e-03 
2.529325e-03 
2.513457e-03 
2.521378e-03 
2.532802e-03 
2.535325e-03 
2.534930e-03 
2.536456e-03 
2.516464e-03 
2.485534e-03 
2.490337e-03 
2.523325e-03 
2.327152e-03 
2.061608e-03 
2.119769e-03 
2.083188e-03 
2.321788e-03 
2.500805e-03 
2.501370e-03 
2.208157e-03 
1.404185e-03 
9.110063e-04 
9.140320e-04 
7.706749e-04 
-3.792107e-05 
-5.944698e-04 
-6.001609e-04 
-9.689456e-04 
-2.058499e-03 
-1.491333e-03 
-4.962662e-04 
-2.674437e-04 
-4.816319e-04 
-5.818235e-04 
-4.989782e-04 
-4.359979e-04 
-4.705908e-04 
-4.854628e-04 
-4.465190e-04 
-4.552259e-04 
-4.645681e-04 
-4.796061e-04 
-1.160380e-03 
-2.156867e-03 
-1.577526e-03 
-4.668423e-04 
-1.828059e-04 
-3.975339e-04 
-5.241142e-04 
-4.648547e-04 
-3.958819e-04 
-4.425600e-04 
-1.234083e-03 
-2.837216e-03 
-3.642069e-03 
-3.556850e-03 
-3.376703e-03 
-3.416465e-03 
-3.497850e-03 
-3.494439e-03 
-3.460451e-03 
-3.455112e-03 
-3.460569e-03 
-3.416625e-03 
-3.367085e-03 
-3.355497e-03 
-3.324315e-03 
-2.945916e-03 
-2.539587e-03 
-1.403535e-03 
-5.498759e-04 
-8.948061e-05 
6.061909e-05 
1.188745e-04 
2.256017e-04 
3.296490e-04 
3.674408e-04 
1.014868e-04 
-2.990073e-04 
2.261596e-04 
7.751083e-04 
8.540352e-04 
7.917224e-04 
8.573192e-04 
9.481948e-04 
1.165143e-03 
1.452164e-03 
1.412362e-03 
1.462081e-03 
2.130688e-03 
3.558287e-03 
3.806557e-03 
2.136258e-03 
9.255989e-04 
9.387631e-04 
1.234648e-03 
1.228538e-03 
1.102328e-03 
1.078496e-03 
1.097183e-03 
1.078407e-03 
1.072465e-03 
1.060446e-03 
1.035421e-03 
1.063678e-03 
7.282365e-04 
-4.954807e-04 
-1.560858e-03 
-1.940463e-03 
-1.883952e-03 
-1.836136e-03 
-1.880737e-03 
-1.913275e-03 
-1.902978e-03 
-1.890748e-03 
-1.915839e-03 
-2.206330e-03 
-3.692806e-03 
-4.947910e-03 
-5.113926e-03 
-4.863730e-03 
-4.816898e-03 
-4.916465e-03 
-4.930385e-03 
-4.861817e-03 
-4.774639e-03 
-4.711821e-03 
-5.012660e-03 
-6.481764e-03 
-6.486751e-03 
-4.932060e-03 
-4.079923e-03 
-4.148890e-03 
-4.281486e-03 
-4.117079e-03 
-3.361208e-03 
-2.550415e-03 
-2.048371e-03 
-1.308219e-03 
-8.103272e-04 
-2.533013e-04 
1.618246e-04 
-2.708336e-04 
-6.479891e-04 
-6.401879e-04 
-5.313251e-04 
-4.901569e-04 
-4.861360e-04 
-4.786205e-04 
-4.329312e-04 
-4.296671e-04 
-4.711744e-04 
-4.337953e-04 
2.239614e-04 
1.218913e-03 
2.195819e-03 
2.522634e-03 
2.416756e-03 
2.341077e-03 
2.379746e-03 
2.408020e-03 
2.370458e-03 
2.357769e-03 
2.375165e-03 
2.384329e-03 
2.377636e-03 
2.369733e-03 
2.367184e-03 
2.369331e-03 
2.659215e-03 
3.144361e-03 
3.680714e-03 
3.891193e-03 
3.472559e-03 
2.708513e-03 
3.029345e-03 
3.350872e-03 
2.755033e-03 
2.245340e-03 
2.712682e-03 
3.238673e-03 
2.756070e-03 
2.256914e-03 
2.226424e-03 
2.346582e-03 
2.362342e-03 
2.325999e-03 
2.296328e-03 
2.312344e-03 
2.952999e-03 
4.343808e-03 
4.061388e-03 
2.672844e-03 
2.090617e-03 
2.263066e-03 
2.446648e-03 
2.405929e-03 
2.331222e-03 
2.336058e-03 
2.363903e-03 
2.362634e-03 
2.346939e-03 
2.170882e-03 
1.737842e-03 
1.177990e-03 
8.187784e-04 
7.433225e-04 
8.059799e-04 
8.021592e-04 
7.471359e-04 
1.060466e-03 
1.065093e-03 
1.029272e-03 
1.693969e-03 
2.246277e-03 
2.290298e-03 
2.163413e-03 
2.143637e-03 
2.189081e-03 
2.199763e-03 
2.178819e-03 
2.168945e-03 
2.207678e-03 
2.180665e-03 
1.547662e-03 
7.569101e-04 
-9.584301e-05 
-9.590040e-04 
-1.222911e-03 
-9.092053e-04 
-7.487003e-04 
-7.900629e-04 
-8.579657e-04 
-8.743021e-04 
-8.446481e-04 
-8.533087e-04 
-8.779633e-04 
-8.456340e-04 
-8.161467e-04 
-4.796337e-04 
9.313946e-04 
1.126709e-03 
-2.870882e-04 
-1.106865e-03 
-9.504840e-04 
-7.210128e-04 
-7.724230e-04 
-8.648422e-04 
-8.635604e-04 
-8.480395e-04 
-8.442212e-04 
-8.917363e-04 
-9.146828e-04 
-8.965332e-04 
-9.188200e-04 
-9.320204e-04 
-9.373561e-04 
-9.511195e-04 
-9.617771e-04 
-9.654405e-04 
-9.664437e-04 
-9.397157e-04 
-9.207660e-04 
-9.545562e-04 
-9.547223e-04 
-9.141098e-04 
-9.368364e-04 
-9.556408e-04 
-9.314578e-04 
-9.546242e-04 
-9.616796e-04 
-9.475086e-04 
-9.587771e-04 
-9.631094e-04 
-9.662280e-04 
-9.983175e-04 
-1.012882e-03 
-1.696673e-03 
-3.040356e-03 
-2.536911e-03 
-1.088692e-03 
-5.706177e-04 
-8.447507e-04 
-9.949668e-04 
-8.816593e-04 
-1.005384e-03 
-1.416202e-03 
-1.415667e-03 
-1.318217e-03 
-1.337445e-03 
-7.984544e-04 
-4.850563e-04 
-1.659313e-03 
-2.979567e-03 
-2.700740e-03 
-2.478493e-03 
-3.002657e-03 
-3.149889e-03 
-2.803130e-03 
-2.836983e-03 
-2.778181e-03 
-2.474600e-03 
-2.214617e-03 
-2.346523e-03 
-2.222721e-03 
-2.248801e-03 
-2.399941e-03 
-2.389840e-03 
-2.248049e-03 
-2.137169e-03 
-2.064332e-03 
-1.982643e-03 
-1.901941e-03 
-1.794689e-03 
-1.719460e-03 
-2.040437e-03 
-2.541926e-03 
-2.964744e-03 
-3.025835e-03 
-2.888084e-03 
-2.770902e-03 
-2.440470e-03 
-2.476592e-03 
-2.709282e-03 
-2.791760e-03 
-2.708765e-03 
-2.668935e-03 
-3.263569e-03 
-3.960995e-03 
-3.310341e-03 
-1.679176e-03 
-9.235682e-04 
-1.063694e-03 
-1.241375e-03 
-1.198531e-03 
-1.126297e-03 
-1.135210e-03 
-1.144259e-03 
-1.064366e-03 
-1.883999e-04 
1.349657e-03 
1.768009e-03 
8.115794e-04 
4.048303e-04 
9.437833e-04 
1.685288e-03 
1.918990e-03 
1.819126e-03 
1.766958e-03 
1.831567e-03 
1.893309e-03 
1.854980e-03 
1.828262e-03 
1.875145e-03 
1.874207e-03 
1.842255e-03 
1.827905e-03 
1.816244e-03 
1.830403e-03 
1.861571e-03 
1.836826e-03 
1.864337e-03 
2.517183e-03 
3.297015e-03 
4.106591e-03 
4.693922e-03 
4.806914e-03 
4.727414e-03 
4.741866e-03 
4.780921e-03 
4.761506e-03 
4.767282e-03 
4.791027e-03 
4.878085e-03 
5.288947e-03 
5.886034e-03 
6.593669e-03 
5.962868e-03 
5.012598e-03 
5.799749e-03 
7.460134e-03 
7.392788e-03 
6.028842e-03 
5.864440e-03 
5.902346e-03 
5.401113e-03 
4.834499e-03 
4.695737e-03 
4.797619e-03 
5.065232e-03 
6.256227e-03 
6.127325e-03 
5.064391e-03 
4.592716e-03 
4.739553e-03 
4.801816e-03 
4.048037e-03 
2.848506e-03 
1.953103e-03 
1.792666e-03 
1.911500e-03 
1.929837e-03 
1.872378e-03 
1.833223e-03 
1.848694e-03 
1.847318e-03 
1.798587e-03 
1.798009e-03 
1.823920e-03 
1.654096e-03 
1.001198e-03 
-3.923518e-04 
-1.294336e-03 
-1.302571e-03 
-1.089241e-03 
-1.296777e-03 
-2.171412e-03 
-3.256102e-03 
-4.038522e-03 
-4.195245e-03 
-4.105836e-03 
-4.088659e-03 
-4.132731e-03 
-4.147690e-03 
-4.132515e-03 
-4.124009e-03 
-4.129089e-03 
-4.646801e-03 
-5.980679e-03 
-5.590252e-03 
-4.315262e-03 
-3.865609e-03 
-4.094565e-03 
-4.243584e-03 
-4.164881e-03 
-4.092068e-03 
-4.111339e-03 
-4.143616e-03 
-4.141384e-03 
-3.787949e-03 
-2.355633e-03 
-1.267402e-03 
-1.740572e-03 
-2.565598e-03 
-2.141998e-03 
-1.337364e-03 
-1.451913e-03 
-1.532531e-03 
-1.331286e-03 
-1.180875e-03 
-1.196168e-03 
-1.185470e-03 
-5.268318e-04 
2.698676e-04 
1.104585e-03 
1.698914e-03 
1.824306e-03 
1.757628e-03 
1.740110e-03 
1.771125e-03 
1.783394e-03 
1.772846e-03 
1.766086e-03 
1.769090e-03 
1.772271e-03 
1.771632e-03 
1.770264e-03 
1.770273e-03 
1.770810e-03 
1.770888e-03 
1.770700e-03 
1.770610e-03 
1.770661e-03 
1.776765e-03 
1.798505e-03 
1.788940e-03 
1.678663e-03 
6.105711e-04 
-3.834140e-04 
6.032065e-04 
1.748381e-03 
9.266435e-04 
-5.263293e-04 
-1.243458e-03 
-1.240144e-03 
-1.147887e-03 
-1.106274e-03 
-8.392676e-04 
-9.747389e-04 
-1.112073e-03 
-5.513927e-04 
-5.790638e-04 
-1.246273e-03 
-2.118434e-03 
-2.814492e-03 
-3.775988e-03 
-4.290967e-03 
-4.282140e-03 
-4.156100e-03 
-4.157539e-03 
-4.220623e-03 
-4.324160e-03 
-4.697806e-03 
-5.115268e-03 
-4.741813e-03 
-4.162960e-03 
-4.022762e-03 
-4.106930e-03 
-4.099592e-03 
-4.033733e-03 
-3.979575e-03 
-3.932577e-03 
-3.869372e-03 
-3.796628e-03 
-3.740906e-03 
-3.692768e-03 
-3.611599e-03 
-3.530146e-03 
-3.461297e-03 
-3.385516e-03 
-3.281241e-03 
-3.227357e-03 
-3.194635e-03 
-3.151909e-03 
-3.095222e-03 
-3.009117e-03 
-2.957168e-03 
-3.594761e-03 
-4.054699e-03 
-3.259839e-03 
-2.390294e-03 
-1.898512e-03 
-1.213004e-03 
-1.488390e-04 
8.418074e-05 
1.402942e-04 
3.533194e-04 
4.958409e-04 
4.907337e-04 
4.501350e-04 
4.505703e-04 
4.867914e-04 
4.856120e-04 
4.837094e-04 
5.298083e-04 
5.651350e-04 
5.832069e-04 
6.059761e-04 
7.029124e-04 
1.442803e-03 
2.838679e-03 
3.777546e-03 
3.888703e-03 
3.784071e-03 
3.832491e-03 
3.955495e-03 
4.015042e-03 
4.040689e-03 
4.079225e-03 
4.165456e-03 
4.247308e-03 
4.294213e-03 
4.347262e-03 
4.419305e-03 
4.470838e-03 
4.522411e-03 
4.426459e-03 
3.900010e-03 
2.974402e-03 
2.113910e-03 
1.732180e-03 
1.740135e-03 
1.792003e-03 
1.783683e-03 
1.807541e-03 
1.813682e-03 
1.787552e-03 
1.602014e-03 
6.345431e-04 
8.408468e-04 
1.688712e-03 
2.003715e-03 
1.833024e-03 
1.732017e-03 
1.759094e-03 
1.798963e-03 
1.831963e-03 
1.809380e-03 
1.762209e-03 
1.746772e-03 
1.754233e-03 
1.720274e-03 
9.104453e-04 
-9.081535e-05 
-6.202404e-04 
-4.329768e-04 
1.018078e-04 
-6.901127e-05 
-6.968383e-04 
-1.220562e-03 
-1.305344e-03 
-1.222755e-03 
-1.210851e-03 
-1.248546e-03 
-1.259899e-03 
-1.246458e-03 
-1.239329e-03 
-1.243134e-03 
-1.246318e-03 
-1.245067e-03 
-1.243280e-03 
-1.243134e-03 
-1.243457e-03 
-1.243198e-03 
-1.242638e-03 
-1.242236e-03 
-1.241959e-03 
-1.241619e-03 
-1.241199e-03 
-1.240767e-03 
-1.240349e-03 
-1.239913e-03 
-1.239452e-03 
-1.234722e-03 
-1.229763e-03 
-1.205749e-03 
-1.328829e-03 
-2.620331e-03 
-3.891261e-03 
-2.944462e-03 
-1.333620e-03 
-8.961566e-04 
-1.196200e-03 
-1.346378e-03 
-1.221488e-03 
-1.137303e-03 
-1.183258e-03 
-1.227708e-03 
-1.217388e-03 
-1.192390e-03 
-9.004621e-04 
-8.000475e-04 
-1.073719e-03 
-1.246953e-03 
-1.217319e-03 
-1.159852e-03 
-1.161975e-03 
-1.180719e-03 
-1.178112e-03 
-1.165250e-03 
-1.158964e-03 
-1.157479e-03 
-1.129141e-03 
-1.095018e-03 
-1.117206e-03 
-1.117481e-03 
-1.086846e-03 
-1.101560e-03 
-1.099811e-03 
-1.071526e-03 
-1.087212e-03 
-1.103357e-03 
-1.075105e-03 
-1.050907e-03 
-1.064330e-03 
-1.042348e-03 
-1.040096e-03 
-1.057686e-03 
-1.045174e-03 
-9.484555e-04 
3.200300e-05 
1.173969e-03 
1.820483e-03 
1.606232e-03 
1.495233e-03 
1.783041e-03 
1.828089e-03 
6.132916e-04 
-5.671181e-04 
5.039773e-04 
1.939117e-03 
2.194777e-03 
1.875417e-03 
1.802530e-03 
1.934941e-03 
2.021260e-03 
2.011635e-03 
1.988347e-03 
2.001350e-03 
2.329853e-03 
3.810654e-03 
4.370689e-03 
3.058116e-03 
2.233423e-03 
2.862265e-03 
2.998997e-03 
2.577555e-03 
2.864370e-03 
3.257038e-03 
3.253607e-03 
3.236058e-03 
3.456627e-03 
3.103443e-03 
2.765995e-03 
2.810411e-03 
2.966529e-03 
2.991270e-03 
2.974578e-03 
3.000299e-03 
3.061291e-03 
3.134514e-03 
3.151445e-03 
3.115070e-03 
3.111015e-03 
3.139300e-03 
3.129446e-03 
3.101742e-03 
3.100209e-03 
3.102217e-03 
3.091353e-03 
3.074432e-03 
3.056935e-03 
2.771898e-03 
2.301621e-03 
1.432318e-03 
5.749505e-04 
5.913424e-04 
5.067300e-04 
-2.160997e-04 
-2.365337e-04 
3.465242e-04 
6.488654e-04 
6.065039e-04 
5.618369e-04 
6.570316e-04 
7.582313e-04 
7.956061e-04 
7.250093e-04 
5.454508e-04 
7.786360e-04 
1.167978e-03 
1.537422e-03 
1.302737e-03 
8.654207e-04 
1.036078e-03 
1.046518e-03 
1.119697e-03 
1.200851e-03 
1.097300e-03 
9.599070e-04 
8.174357e-04 
6.078596e-04 
-5.331296e-05 
-8.199103e-04 
-1.778063e-03 
-1.992216e-03 
-1.486008e-03 
-1.101473e-03 
-1.111956e-03 
-1.202109e-03 
-1.206851e-03 
-1.171232e-03 
-1.161407e-03 
-1.169401e-03 
-1.168958e-03 
-1.159619e-03 
-1.151951e-03 
-1.178462e-03 
-1.451289e-03 
-1.401959e-03 
-1.164810e-03 
-1.072703e-03 
-1.110025e-03 
-1.134642e-03 
-1.115220e-03 
-1.095348e-03 
-1.093472e-03 
-1.605901e-03 
-2.658042e-03 
-2.431667e-03 
-1.340985e-03 
-8.521537e-04 
-9.875748e-04 
-1.105411e-03 
-1.055701e-03 
-9.980002e-04 
-1.004313e-03 
-9.475703e-04 
-6.708752e-04 
-4.601594e-04 
-1.601772e-05 
-6.135445e-05 
-7.211482e-04 
-1.096012e-03 
-1.278439e-03 
-1.476106e-03 
-1.647129e-03 
-1.976784e-03 
-2.128473e-03 
-2.084421e-03 
-1.939538e-03 
-1.714177e-03 
-2.091253e-03 
-2.404981e-03 
-2.529123e-03 
-2.788428e-03 
-3.066875e-03 
-3.126415e-03 
-3.049273e-03 
-2.745869e-03 
-2.445165e-03 
-2.269196e-03 
-2.318134e-03 
-2.611056e-03 
-2.240030e-03 
-1.745757e-03 
-1.630722e-03 
-1.854737e-03 
-2.495451e-03 
-2.878180e-03 
-2.832025e-03 
-2.606700e-03 
-2.404918e-03 
-2.564443e-03 
-2.733806e-03 
-2.684616e-03 
-2.327268e-03 
-2.417994e-03 
-2.819949e-03 
-2.734489e-03 
-2.481982e-03 
-2.193491e-03 
-1.760402e-03 
-1.528905e-03 
-1.289422e-03 
-1.143514e-03 
-1.324435e-03 
-1.265262e-03 
-1.011043e-03 
-7.097686e-04 
-1.351119e-04 
4.906520e-05 
-4.523175e-04 
-5.688796e-04 
7.317255e-05 
5.263322e-04 
5.344836e-04 
4.657392e-04 
5.214144e-04 
6.146630e-04 
6.613824e-04 
6.593533e-04 
6.715318e-04 
7.426941e-04 
7.943286e-04 
8.118899e-04 
8.338400e-04 
8.477219e-04 
8.611758e-04 
6.997069e-04 
6.582629e-04 
8.571999e-04 
9.901142e-04 
9.842239e-04 
9.757198e-04 
9.984891e-04 
1.016996e-03 
1.058740e-03 
1.105641e-03 
1.121729e-03 
1.139479e-03 
1.169675e-03 
1.416830e-03 
1.446448e-03 
1.307204e-03 
1.254836e-03 
1.302652e-03 
1.126246e-03 
2.026467e-04 
1.866571e-04 
1.132593e-03 
1.613897e-03 
1.495713e-03 
1.365641e-03 
1.405603e-03 
1.456859e-03 
1.457647e-03 
1.445529e-03 
1.446477e-03 
1.467115e-03 
1.614679e-03 
1.913823e-03 
1.718734e-03 
1.406212e-03 
1.326296e-03 
1.374576e-03 
1.142092e-03 
8.695128e-04 
1.112077e-03 
1.352790e-03 
1.346349e-03 
1.258370e-03 
1.231631e-03 
1.102021e-03 
1.008308e-03 
1.125677e-03 
1.213202e-03 
1.191592e-03 
1.144297e-03 
1.125909e-03 
1.119464e-03 
9.702349e-04 
8.675174e-04 
9.868659e-04 
1.075996e-03 
1.052493e-03 
1.003591e-03 
9.853730e-04 
9.796345e-04 
9.332467e-04 
7.531041e-04 
5.980378e-04 
3.076600e-04 
1.364070e-04 
-5.805250e-05 
-4.266239e-04 
-6.196607e-04 
-7.714961e-04 
-9.122004e-04 
-6.765839e-04 
-3.280533e-04 
-2.311950e-04 
-3.579838e-04 
-5.284103e-04 
-5.621556e-04 
-5.255676e-04 
-5.069927e-04 
-4.952516e-04 
-4.970738e-04 
-5.039780e-04 
-5.022702e-04 
-4.963283e-04 
-6.114429e-04 
-8.101341e-04 
-1.011863e-03 
-1.206963e-03 
-1.342265e-03 
-1.283345e-03 
-1.407011e-03 
-1.582998e-03 
-1.594602e-03 
-1.522043e-03 
-1.481311e-03 
-1.460206e-03 
-1.431203e-03 
-1.344511e-03 
-1.146461e-03 
-9.544641e-04 
-9.558308e-04 
-9.615777e-04 
-7.973147e-04 
-6.682398e-04 
-6.496735e-04 
-6.601460e-04 
-6.439829e-04 
-6.154576e-04 
-5.955447e-04 
-5.749802e-04 
-5.583511e-04 
-5.464334e-04 
-5.320037e-04 
-5.145253e-04 
-4.969010e-04 
-5.212155e-04 
-6.356945e-04 
-6.897529e-04 
-6.648087e-04 
-7.617169e-04 
-9.338616e-04 
-7.515454e-04 
-3.924595e-04 
-2.412905e-04 
-2.642862e-04 
-2.759985e-04 
-2.267282e-04 
-2.167175e-04 
-2.701515e-04 
-1.895640e-04 
7.234674e-06 
1.902592e-04 
4.034508e-04 
4.504128e-04 
4.058217e-04 
3.966177e-04 
4.266733e-04 
4.589129e-04 
4.717419e-04 
4.815724e-04 
5.043132e-04 
5.222312e-04 
5.303221e-04 
5.490004e-04 
6.727019e-04 
8.324757e-04 
8.205802e-04 
8.013684e-04 
8.374442e-04 
8.588725e-04 
8.765532e-04 
9.048085e-04 
9.162401e-04 
9.242864e-04 
9.079189e-04 
8.524066e-04 
8.217454e-04 
7.904287e-04 
8.351111e-04 
8.295747e-04 
8.052665e-04 
7.827368e-04 
7.959863e-04 
7.364454e-04 
6.088101e-04 
5.401564e-04 
5.286437e-04 
5.179715e-04 
4.954779e-04 
4.390323e-04 
3.211301e-04 
2.739586e-04 
3.509251e-04 
4.000090e-04 
3.155222e-04 
2.012586e-04 
1.884401e-04 
2.217493e-04 
2.279561e-04 
2.044882e-04 
2.005708e-04 
1.887606e-04 
2.515076e-04 
3.331209e-04 
2.669273e-04 
1.223921e-04 
5.480692e-05 
6.043315e-05 
6.788347e-05 
5.618278e-05 
4.086825e-05 
3.330172e-05 
2.884193e-05 
2.236427e-05 
1.469995e-05 
7.867210e-06 
-9.698499e-06 
-5.253538e-05 
-6.281403e-05 
-4.605361e-05 
-6.999106e-05 
-1.030015e-04 
-1.112846e-04 
-1.058742e-04 
-1.041868e-04 
-1.078349e-04 
-1.259320e-04 
-1.256587e-04 
-1.269722e-04 
-1.203191e-04 
-1.101126e-04 
-1.202921e-04 
-1.282512e-04 
-1.341798e-04 
-1.360846e-04 
-1.408233e-04 
-1.299273e-04 
-1.261918e-04 
-1.238721e-04 
-1.330354e-04 
-1.640584e-04 
-1.575609e-04 
-1.175997e-04 
-9.543558e-05 
-9.811996e-05 
-1.124683e-04 
-1.231502e-04 
-1.295050e-04 
-1.224653e-04 
-1.201742e-04 
-1.237188e-04 
-1.238066e-04 
-1.077654e-04 
-9.063457e-05 
-1.027401e-04 
-1.193950e-04 
-1.261498e-04 
-1.277427e-04 
-1.272843e-04 
-1.245724e-04 
-1.201574e-04 
-1.155888e-04 
-1.118843e-04 
-1.086314e-04 
-1.051959e-04 
-1.013058e-04 
-9.773465e-05 
-9.434729e-05 
-9.069111e-05 
-8.714494e-05 
-8.388427e-05 
-8.256247e-05 
-8.443944e-05 
-8.055736e-05 
-7.896141e-05 
-7.881155e-05 
-7.652538e-05 
-7.262645e-05 
-6.896835e-05 
-6.603124e-05 
-6.345812e-05 
-6.073899e-05 
-5.797660e-05 
-5.542747e-05 
-5.309571e-05 
-5.071109e-05 
-4.852327e-05 
-4.822411e-05 
-4.744532e-05 
-4.683934e-05 
-4.723602e-05 
-4.472536e-05 
-4.034136e-05 
-3.650598e-05 
-3.378313e-05 
-3.148520e-05 
-2.979521e-05 
-2.879996e-05 
-2.784407e-05 
-2.613776e-05 
-2.456902e-05 
-2.346481e-05 
-2.224693e-05 
-2.093973e-05 
-2.020267e-05 
-1.980513e-05 
-1.903928e-05 
-1.779319e-05 
-1.679289e-05 
-1.627517e-05 
-1.565857e-05 
-1.495973e-05 
-1.382105e-05 
-1.281159e-05 
-1.210572e-05 
-1.147624e-05 
-1.081159e-05 
-1.015877e-05 
-9.530802e-06 
-8.791675e-06 
-8.053475e-06 
-7.510195e-06 
-6.982431e-06 
-6.561146e-06 
-6.066382e-06 
-5.444851e-06 
-4.934063e-06 
-4.547564e-06 
-4.120195e-06 
-3.750304e-06 
-3.384713e-06 
-2.976137e-06 
-2.556414e-06 
-2.156562e-06 
-1.777783e-06 
-1.414119e-06 
-1.061942e-06 
-7.304797e-07 
-4.225002e-07 
-1.340968e-07 
1.376592e-07 
4.378574e-07 
7.551378e-07 
1.037681e-06 
1.283565e-06 
1.512789e-06 
1.736612e-06 
1.953179e-06 
2.152326e-06 
2.334643e-06 
2.508758e-06 
2.674446e-06 
2.829696e-06 
2.973645e-06 
3.102170e-06 
3.220851e-06 
3.331669e-06 
3.431654e-06 
3.520684e-06 
3.599375e-06 
3.668746e-06 
3.728788e-06 
3.779599e-06 
3.821619e-06 
3.854474e-06 
3.878266e-06 
3.893467e-06 
3.900422e-06 
3.899240e-06 
3.890101e-06 
3.873157e-06 
3.848605e-06 
3.816615e-06 
3.777362e-06 
3.731017e-06 
3.677756e-06 
3.617747e-06 
3.551161e-06 
3.478166e-06 
3.398932e-06 
3.313625e-06 
3.222413e-06 
3.125458e-06 
3.022926e-06 
