1 
5.000000e-03 
1.392723e-05 
1.325404e-05 
1.259313e-05 
1.192823e-05 
1.129001e-05 
1.062188e-05 
9.968430e-06 
9.278846e-06 
8.593671e-06 
7.931005e-06 
7.417627e-06 
6.887939e-06 
6.350529e-06 
5.546967e-06 
4.496984e-06 
3.755799e-06 
2.875522e-06 
1.999084e-06 
1.450614e-06 
2.089712e-06 
2.339178e-06 
2.551971e-06 
5.172529e-07 
-2.506108e-06 
-5.898011e-06 
-5.610406e-06 
-2.479204e-06 
2.712296e-06 
5.017393e-06 
5.351037e-06 
4.949888e-06 
6.588117e-06 
5.175932e-06 
-6.527015e-06 
-2.203941e-05 
-2.920353e-05 
-2.117486e-05 
8.692884e-06 
2.747681e-05 
3.331449e-05 
2.027803e-06 
-4.461627e-05 
-8.350568e-05 
-9.404399e-05 
-3.547490e-05 
5.359112e-05 
1.234173e-04 
1.425060e-04 
6.786922e-05 
-4.488920e-05 
-1.086655e-04 
-1.315247e-04 
-4.856705e-05 
9.240685e-05 
2.060656e-04 
2.672063e-04 
2.384092e-04 
9.705883e-05 
-1.003999e-04 
-2.581614e-04 
-3.623765e-04 
-2.785253e-04 
1.713216e-05 
1.680810e-04 
2.582263e-04 
1.620237e-04 
-1.536311e-04 
-2.235300e-04 
-2.901523e-04 
-3.947756e-04 
-7.106912e-05 
1.734486e-04 
3.008607e-04 
6.014264e-04 
4.207980e-04 
-1.405982e-04 
-3.526226e-04 
-4.409230e-04 
-2.306193e-04 
5.925772e-04 
1.284413e-03 
1.110980e-03 
3.405309e-04 
-5.206991e-04 
-1.100102e-03 
-1.329188e-03 
-9.381951e-04 
-1.173787e-04 
8.512998e-04 
1.849066e-03 
1.599656e-03 
-1.339278e-04 
-1.468615e-03 
-1.689017e-03 
-1.060509e-03 
1.528251e-04 
2.290184e-03 
3.504211e-03 
3.095553e-03 
1.576023e-03 
-1.015791e-03 
-3.183153e-03 
-3.642976e-03 
-2.056780e-03 
3.170251e-04 
2.038727e-03 
2.823112e-03 
1.430622e-03 
-1.762131e-04 
-4.118476e-04 
-1.723742e-03 
-3.428265e-03 
-3.031601e-03 
-7.821064e-04 
8.417592e-04 
8.173412e-04 
5.046733e-04 
1.016006e-03 
2.097964e-03 
3.508104e-03 
4.192028e-03 
3.366790e-03 
2.494861e-03 
1.582618e-03 
1.269004e-03 
1.855715e-03 
2.292856e-03 
3.156290e-03 
3.595722e-03 
3.940082e-03 
2.565440e-03 
-1.039729e-03 
-5.650232e-03 
-9.673520e-03 
-1.039694e-02 
-8.309356e-03 
-4.755018e-03 
1.090753e-04 
6.232536e-03 
8.014631e-03 
2.282910e-03 
-2.991829e-03 
-5.553233e-03 
-6.191141e-03 
-2.378767e-03 
4.311069e-03 
1.060003e-02 
1.481703e-02 
1.425249e-02 
9.535493e-03 
2.120994e-03 
-2.035265e-03 
-3.252946e-03 
-4.794134e-03 
-7.810797e-05 
7.974686e-03 
1.116852e-02 
6.441479e-03 
-2.751751e-03 
-9.042820e-03 
-1.376838e-02 
-1.811607e-02 
-2.174512e-02 
-1.665354e-02 
-5.352472e-03 
4.735223e-03 
1.361268e-02 
1.656037e-02 
1.305479e-02 
4.254180e-03 
-5.994363e-03 
-1.436922e-02 
-1.258274e-02 
-4.326303e-03 
2.763672e-03 
9.090532e-03 
1.354357e-02 
2.191035e-02 
2.503956e-02 
1.163314e-02 
-6.744938e-03 
-2.406228e-02 
-3.283943e-02 
-3.179953e-02 
-2.080369e-02 
-3.588639e-03 
1.592368e-02 
2.449724e-02 
7.145062e-03 
-1.541044e-02 
-2.574480e-02 
-2.320671e-02 
-1.039314e-02 
3.640623e-03 
1.614023e-02 
2.673271e-02 
2.389645e-02 
1.356972e-02 
5.975786e-03 
1.324367e-03 
-6.106077e-04 
3.116186e-03 
9.609591e-03 
1.459925e-02 
1.498383e-02 
1.017755e-02 
-4.209471e-03 
-1.789492e-02 
-2.097271e-02 
-2.380265e-02 
-2.455545e-02 
-2.133583e-02 
-1.442282e-02 
-7.880023e-03 
-8.183773e-03 
-1.101636e-02 
-1.212403e-02 
-4.083133e-03 
6.795293e-03 
1.261155e-02 
1.069977e-02 
-1.055432e-03 
-1.165389e-02 
-1.825268e-02 
-2.624864e-02 
-2.409717e-02 
-7.874238e-03 
9.092876e-03 
1.671833e-02 
2.425284e-02 
3.805093e-02 
5.221307e-02 
6.683744e-02 
7.525804e-02 
7.248664e-02 
6.772499e-02 
6.682287e-02 
6.738161e-02 
6.796915e-02 
7.188720e-02 
7.928377e-02 
8.654057e-02 
9.324607e-02 
9.488277e-02 
8.527186e-02 
7.242314e-02 
5.898436e-02 
4.558825e-02 
4.227742e-02 
4.045524e-02 
3.094466e-02 
1.280329e-02 
-1.964579e-02 
-5.939497e-02 
-9.978628e-02 
-1.253624e-01 
-1.570317e-01 
-1.818573e-01 
-2.059289e-01 
-2.270553e-01 
-2.568693e-01 
-2.695355e-01 
-2.684929e-01 
-2.577132e-01 
-2.338453e-01 
-2.097674e-01 
-1.950436e-01 
-1.727469e-01 
-1.226920e-01 
-3.300698e-02 
1.411302e-01 
2.778550e-01 
2.569231e-01 
2.393612e-01 
2.693907e-01 
2.750344e-01 
2.440037e-01 
1.891953e-01 
1.203451e-01 
4.085025e-02 
2.110593e-02 
3.746683e-02 
1.706638e-02 
1.403951e-03 
6.459933e-03 
-1.222876e-03 
-2.490547e-02 
-5.025345e-02 
-7.232086e-02 
-9.398158e-02 
-1.249478e-01 
-1.598057e-01 
-2.027737e-01 
-2.355977e-01 
-2.366174e-01 
-2.227609e-01 
-1.913022e-01 
-1.289563e-01 
-4.009696e-02 
5.014967e-02 
1.034020e-01 
1.340690e-01 
1.686993e-01 
1.785757e-01 
1.675022e-01 
1.309934e-01 
5.938530e-02 
-3.346459e-02 
-7.011545e-02 
-1.016229e-01 
-1.354088e-01 
-1.328805e-01 
-1.076297e-01 
-8.888024e-02 
-7.196839e-02 
-5.064852e-02 
-2.564165e-02 
8.786303e-03 
4.577204e-02 
8.454616e-02 
1.252620e-01 
1.669853e-01 
2.006009e-01 
2.228957e-01 
2.426291e-01 
2.428334e-01 
2.098245e-01 
1.858997e-01 
1.736507e-01 
1.636218e-01 
1.651657e-01 
1.682307e-01 
1.534692e-01 
1.141918e-01 
6.831005e-02 
2.041405e-02 
-2.762628e-02 
-8.534838e-02 
-1.486147e-01 
-1.893138e-01 
-2.270408e-01 
-2.697848e-01 
-2.952572e-01 
-3.014122e-01 
-2.840280e-01 
-2.360055e-01 
-1.751793e-01 
-1.098829e-01 
-6.730827e-02 
-7.803283e-03 
9.069413e-02 
1.428782e-01 
1.495659e-01 
1.480716e-01 
1.598778e-01 
1.606890e-01 
1.291570e-01 
6.781953e-02 
1.499650e-02 
5.925014e-03 
2.087713e-02 
5.521705e-02 
1.048158e-01 
1.292232e-01 
1.081967e-01 
8.045042e-02 
4.871121e-02 
3.345431e-03 
-4.473554e-02 
-8.430912e-02 
-1.002963e-01 
-7.862908e-02 
-4.657020e-02 
-3.844960e-02 
-4.228438e-02 
-4.787988e-02 
-6.625649e-02 
-9.114988e-02 
-1.083307e-01 
-1.186578e-01 
-1.105701e-01 
-8.139425e-02 
-3.757388e-02 
3.115835e-02 
1.113559e-01 
1.594364e-01 
1.536171e-01 
1.297226e-01 
1.169159e-01 
7.968258e-02 
5.904595e-03 
-2.707398e-02 
-6.419843e-02 
-7.499538e-02 
-8.404857e-02 
-9.187511e-02 
-7.789079e-02 
-6.493052e-02 
-6.389974e-02 
-5.722416e-02 
-4.865822e-02 
-4.027338e-02 
-2.510612e-02 
-6.062620e-03 
1.120345e-02 
2.257835e-02 
2.643125e-02 
3.236973e-02 
4.184177e-02 
5.639537e-02 
7.277021e-02 
8.487365e-02 
9.985641e-02 
1.057247e-01 
8.679871e-02 
5.842678e-02 
1.992839e-02 
-3.160390e-02 
-5.928195e-02 
-7.866343e-02 
-1.044048e-01 
-1.133078e-01 
-1.066526e-01 
-8.536823e-02 
-4.526626e-02 
2.152091e-04 
3.009115e-02 
4.155316e-02 
4.829234e-02 
4.964422e-02 
2.652869e-02 
-1.206886e-02 
-5.260047e-02 
-7.072258e-02 
-7.104583e-02 
-7.264832e-02 
-5.279521e-02 
-7.191017e-03 
3.936318e-02 
6.245117e-02 
7.177373e-02 
7.950079e-02 
6.574595e-02 
3.601740e-02 
3.107267e-03 
-1.892767e-02 
-2.350904e-02 
-2.319782e-02 
-1.442565e-02 
4.629159e-03 
2.313182e-02 
3.439992e-02 
3.563182e-02 
3.899416e-02 
4.370175e-02 
4.820123e-02 
5.408416e-02 
5.589487e-02 
5.434016e-02 
4.572864e-02 
3.431205e-02 
1.719111e-02 
4.931093e-03 
2.672056e-03 
7.603981e-03 
1.327548e-02 
2.077379e-02 
2.610797e-02 
2.811460e-02 
2.243062e-02 
1.033913e-02 
-2.812063e-04 
-1.083523e-02 
-1.850038e-02 
-2.347203e-02 
-2.396149e-02 
-1.628674e-02 
-6.989200e-03 
1.625955e-03 
8.499254e-03 
9.473987e-03 
-2.369462e-03 
-2.575105e-02 
-6.488137e-02 
-1.046950e-01 
-1.238132e-01 
-1.348003e-01 
-1.400164e-01 
-1.263278e-01 
-9.267729e-02 
-2.606878e-02 
2.350195e-02 
3.211124e-02 
5.195703e-02 
7.409766e-02 
7.515626e-02 
5.554290e-02 
3.290731e-02 
1.231460e-02 
-5.021870e-03 
-2.342041e-02 
-5.366544e-02 
-8.122006e-02 
-9.865487e-02 
-1.042809e-01 
-1.007661e-01 
-9.114858e-02 
-6.373394e-02 
-1.642369e-02 
5.584443e-02 
1.259211e-01 
1.741224e-01 
1.975655e-01 
2.030720e-01 
2.162204e-01 
2.156253e-01 
1.881298e-01 
1.403391e-01 
8.857334e-02 
5.409271e-02 
1.975576e-02 
-2.050361e-02 
-5.506591e-02 
-8.629284e-02 
-1.089147e-01 
-1.218577e-01 
-1.325671e-01 
-1.357805e-01 
-1.209375e-01 
-9.562852e-02 
-6.846464e-02 
-4.369063e-02 
-2.201298e-02 
5.697281e-03 
3.799676e-02 
8.324985e-02 
1.108328e-01 
8.913252e-02 
5.823458e-02 
3.502802e-02 
6.546838e-03 
-3.641961e-02 
-7.174384e-02 
-6.857562e-02 
-4.128679e-02 
-9.405137e-03 
2.134969e-02 
5.270758e-02 
6.401342e-02 
4.069952e-02 
5.364552e-03 
-2.767051e-02 
-5.442062e-02 
-7.091404e-02 
-7.764504e-02 
-6.415700e-02 
-4.345445e-02 
-3.088992e-02 
-1.827714e-02 
-9.115561e-03 
-7.310173e-03 
-2.027069e-02 
-4.545482e-02 
-6.177621e-02 
-5.853262e-02 
-5.171876e-02 
-4.134831e-02 
-2.005517e-02 
1.809910e-02 
5.490290e-02 
6.189989e-02 
5.778719e-02 
5.695287e-02 
4.652788e-02 
2.893464e-02 
1.610077e-02 
1.160398e-02 
1.152241e-02 
7.488998e-03 
1.709725e-03 
4.498266e-03 
9.263478e-03 
4.574378e-03 
6.776742e-03 
1.589098e-02 
2.367105e-02 
3.651214e-02 
4.022679e-02 
2.795059e-02 
1.496276e-02 
7.059513e-03 
-1.122371e-02 
-4.037658e-02 
-7.234588e-02 
-9.915075e-02 
-1.073133e-01 
-1.095446e-01 
-1.150857e-01 
-1.052813e-01 
-8.461842e-02 
-5.924454e-02 
-3.040470e-02 
-1.373764e-02 
-6.862090e-03 
3.316013e-03 
1.128028e-02 
2.164449e-02 
3.920757e-02 
5.610605e-02 
6.926208e-02 
6.940898e-02 
6.529986e-02 
5.722580e-02 
4.251015e-02 
2.778023e-02 
1.369293e-02 
9.087255e-04 
-8.528916e-03 
-1.456742e-02 
-2.152958e-02 
-2.736263e-02 
-2.785764e-02 
-2.639435e-02 
-2.564284e-02 
-1.333911e-02 
1.059922e-02 
3.752864e-02 
5.166679e-02 
5.611605e-02 
5.706949e-02 
4.419596e-02 
1.339707e-02 
-1.435171e-02 
-2.935293e-02 
-3.485336e-02 
-3.254874e-02 
-1.772608e-02 
1.151683e-02 
4.070836e-02 
5.673090e-02 
5.991099e-02 
6.142913e-02 
5.093635e-02 
2.415450e-02 
-1.466743e-02 
-3.222919e-02 
-4.379370e-02 
-5.552763e-02 
-5.479698e-02 
-3.504647e-02 
6.832675e-03 
4.683250e-02 
5.787639e-02 
6.125019e-02 
6.780404e-02 
6.101250e-02 
3.127787e-02 
-2.178656e-02 
-5.244310e-02 
-5.670026e-02 
-8.154173e-02 
-9.956149e-02 
-9.917438e-02 
-8.855695e-02 
-7.120177e-02 
-4.820926e-02 
-1.975214e-02 
2.793817e-02 
7.622399e-02 
7.645362e-02 
5.390363e-02 
4.667602e-02 
4.371532e-02 
4.061610e-02 
4.182669e-02 
4.885768e-02 
6.066766e-02 
8.476916e-02 
1.137463e-01 
1.352021e-01 
1.490264e-01 
1.557879e-01 
1.506201e-01 
1.383562e-01 
1.134108e-01 
5.416636e-02 
-1.270427e-02 
-4.942139e-02 
-9.631339e-02 
-1.340336e-01 
-1.425479e-01 
-1.593697e-01 
-1.802455e-01 
-1.831275e-01 
-1.667070e-01 
-1.393197e-01 
-1.031996e-01 
-7.909526e-02 
-6.599689e-02 
-4.383289e-02 
-1.363330e-02 
5.683167e-03 
5.229190e-03 
2.393127e-03 
5.851053e-03 
8.458447e-03 
1.033098e-02 
1.362324e-02 
2.316128e-02 
4.293515e-02 
6.529312e-02 
8.758336e-02 
8.688210e-02 
8.153773e-02 
7.383810e-02 
5.440244e-02 
3.192426e-02 
1.077897e-02 
-1.676888e-02 
-4.384557e-02 
-7.528767e-02 
-9.468317e-02 
-9.740781e-02 
-9.445672e-02 
-8.277642e-02 
-6.307516e-02 
-3.905859e-02 
-1.456707e-02 
1.104170e-02 
4.027852e-02 
6.966258e-02 
8.618386e-02 
8.730170e-02 
8.372924e-02 
8.048808e-02 
7.690302e-02 
6.595331e-02 
2.997324e-02 
-1.127510e-02 
-4.838958e-02 
-7.750862e-02 
-8.238442e-02 
-7.927759e-02 
-5.821926e-02 
-8.242347e-03 
3.612819e-02 
9.650346e-02 
1.388975e-01 
1.028872e-01 
5.371266e-02 
5.972711e-03 
-7.053577e-02 
-1.235888e-01 
-1.395324e-01 
-1.199276e-01 
-8.838412e-02 
-3.816465e-02 
1.926400e-02 
7.603135e-02 
1.179762e-01 
1.090024e-01 
9.529695e-02 
1.045504e-01 
1.119556e-01 
1.122637e-01 
1.016598e-01 
7.827105e-02 
3.344658e-02 
-1.110071e-02 
-4.491807e-02 
-8.306763e-02 
-1.156873e-01 
-1.242551e-01 
-1.206932e-01 
-9.889812e-02 
-6.698808e-02 
-3.464820e-02 
-5.313704e-03 
-2.139972e-03 
8.112904e-04 
1.283757e-02 
2.330919e-02 
2.981671e-02 
2.834793e-02 
2.262783e-02 
1.765926e-02 
2.135880e-02 
2.637640e-02 
3.491830e-02 
5.873764e-02 
9.771375e-02 
1.379742e-01 
1.675339e-01 
1.558836e-01 
1.222176e-01 
6.622854e-02 
4.190691e-03 
-4.872466e-02 
-9.517111e-02 
-1.344005e-01 
-1.523920e-01 
-1.589182e-01 
-1.563173e-01 
-1.394732e-01 
-1.100926e-01 
-7.887870e-02 
-6.193073e-02 
-5.106650e-02 
-3.949741e-02 
-2.125289e-02 
-3.721744e-03 
1.205615e-02 
2.292018e-02 
3.420522e-02 
4.132230e-02 
3.468797e-02 
1.063478e-02 
-1.978908e-02 
-4.590105e-02 
-5.362858e-02 
-3.965440e-02 
-7.401110e-03 
2.792789e-02 
5.406606e-02 
6.985674e-02 
6.233220e-02 
3.265669e-02 
8.028337e-04 
-1.980391e-02 
-2.369868e-02 
-2.194744e-02 
-1.487576e-02 
-3.878053e-05 
8.760966e-03 
8.487268e-03 
1.164113e-02 
-2.734089e-04 
-1.364951e-02 
-3.350425e-02 
-5.697938e-02 
-7.373123e-02 
-8.606597e-02 
-1.036098e-01 
-1.187141e-01 
-1.178483e-01 
-1.128532e-01 
-9.984151e-02 
-8.309837e-02 
-7.427715e-02 
-6.121847e-02 
-4.678756e-02 
-3.420029e-02 
-2.294290e-02 
-4.572177e-03 
8.112184e-03 
1.917203e-02 
4.033127e-02 
6.507194e-02 
8.005065e-02 
7.541492e-02 
5.588562e-02 
3.877092e-02 
2.816342e-02 
1.692802e-02 
7.158115e-03 
2.653265e-03 
4.558645e-03 
5.028820e-03 
-3.152442e-04 
3.340728e-03 
1.845689e-02 
3.974688e-02 
6.402817e-02 
8.691362e-02 
9.775906e-02 
1.098544e-01 
1.265858e-01 
1.401533e-01 
1.515544e-01 
1.573764e-01 
1.496849e-01 
1.353983e-01 
1.250001e-01 
1.147706e-01 
1.008259e-01 
8.183704e-02 
5.169402e-02 
1.644955e-02 
-6.453751e-03 
-2.655422e-02 
-5.030540e-02 
-6.127904e-02 
-5.014868e-02 
-4.002313e-02 
-3.583593e-02 
-2.944252e-02 
-6.958228e-03 
2.150397e-02 
2.715990e-02 
2.310609e-02 
2.501247e-02 
2.380453e-02 
1.829826e-02 
2.404839e-02 
4.908201e-02 
8.993353e-02 
1.484360e-01 
1.846308e-01 
1.804544e-01 
1.626369e-01 
1.406061e-01 
1.183039e-01 
1.017708e-01 
7.193479e-02 
3.860815e-02 
1.809094e-02 
4.681902e-03 
-1.701529e-02 
-4.354638e-02 
-6.212030e-02 
-6.926381e-02 
-5.903453e-02 
-4.182017e-02 
-3.615195e-02 
-4.688014e-02 
-6.515866e-02 
-8.092091e-02 
-9.043396e-02 
-8.993334e-02 
-9.071676e-02 
-9.152241e-02 
-9.455430e-02 
-1.003193e-01 
-1.132851e-01 
-1.306638e-01 
-1.588431e-01 
-1.981614e-01 
-2.308381e-01 
-2.574823e-01 
-2.785933e-01 
-2.935607e-01 
-2.995592e-01 
-2.905383e-01 
-2.587624e-01 
-2.065583e-01 
-1.559237e-01 
-1.118147e-01 
-4.698418e-02 
2.653215e-02 
9.916897e-02 
1.667342e-01 
1.840708e-01 
1.689451e-01 
1.741287e-01 
1.752034e-01 
1.602773e-01 
1.345061e-01 
1.031248e-01 
8.318102e-02 
8.518355e-02 
1.029040e-01 
1.388958e-01 
1.791615e-01 
2.047650e-01 
2.002231e-01 
1.718031e-01 
1.187038e-01 
4.851170e-02 
-2.477437e-03 
-4.185266e-02 
-1.458947e-01 
-2.424738e-01 
-2.824492e-01 
-3.279789e-01 
-3.282249e-01 
-3.270812e-01 
-3.150567e-01 
-2.647769e-01 
-1.815513e-01 
-7.873733e-02 
4.350502e-03 
7.602877e-02 
1.572312e-01 
1.799306e-01 
1.592152e-01 
1.365827e-01 
7.246052e-02 
-1.384930e-02 
-7.020675e-02 
-9.579367e-02 
-1.064923e-01 
-9.530939e-02 
-2.885029e-02 
1.062657e-01 
2.370132e-01 
2.590300e-01 
2.436327e-01 
2.586930e-01 
2.404681e-01 
2.029688e-01 
1.715672e-01 
1.065740e-01 
9.496562e-02 
1.068265e-01 
9.264824e-02 
8.815337e-02 
9.997298e-02 
1.117653e-01 
1.241505e-01 
1.414950e-01 
1.461625e-01 
1.231602e-01 
8.212463e-02 
4.704520e-02 
1.780274e-02 
-2.433204e-02 
-9.099204e-02 
-1.296373e-01 
-1.472032e-01 
-1.644154e-01 
-1.828940e-01 
-1.959435e-01 
-2.075118e-01 
-2.216426e-01 
-2.361448e-01 
-2.429224e-01 
-2.441843e-01 
-2.364423e-01 
-2.240347e-01 
-2.066677e-01 
-1.935168e-01 
-1.782247e-01 
-1.526863e-01 
-1.287129e-01 
-8.635096e-02 
-2.326907e-02 
6.687256e-02 
1.612678e-01 
2.001363e-01 
2.292964e-01 
2.594142e-01 
2.394942e-01 
1.961185e-01 
1.624059e-01 
1.621781e-01 
1.838004e-01 
2.110069e-01 
2.521303e-01 
2.724411e-01 
2.496654e-01 
2.098777e-01 
1.752124e-01 
1.399599e-01 
1.070504e-01 
5.460297e-02 
2.067116e-02 
1.324533e-02 
6.264473e-03 
1.263752e-02 
3.157915e-02 
4.994543e-02 
5.804888e-02 
4.970140e-02 
3.285052e-02 
1.508039e-02 
-1.008979e-02 
-5.592835e-02 
-9.429776e-02 
-1.285303e-01 
-1.527316e-01 
-1.586310e-01 
-1.530760e-01 
-1.406765e-01 
-1.301465e-01 
-1.184805e-01 
-9.571099e-02 
-5.583759e-02 
-2.150222e-02 
-3.291689e-03 
1.468611e-02 
3.123693e-02 
5.260072e-02 
7.796329e-02 
1.114184e-01 
1.468124e-01 
1.454877e-01 
1.341467e-01 
1.192651e-01 
9.884303e-02 
8.345681e-02 
8.481179e-02 
8.949766e-02 
9.413336e-02 
7.934067e-02 
4.337111e-02 
2.864623e-03 
-3.525518e-02 
-7.644053e-02 
-1.171787e-01 
-1.721043e-01 
-2.204517e-01 
-2.522310e-01 
-2.980847e-01 
-3.494833e-01 
-3.954392e-01 
-4.194571e-01 
-4.071939e-01 
-4.072425e-01 
-4.061006e-01 
-4.006807e-01 
-3.938012e-01 
-3.681114e-01 
-3.017707e-01 
-2.014336e-01 
-9.872775e-02 
-3.584211e-02 
1.058498e-02 
7.116734e-02 
1.366120e-01 
1.525329e-01 
1.108151e-01 
6.556329e-02 
2.608204e-02 
-3.757315e-02 
-8.017360e-02 
-7.612200e-02 
-5.935741e-02 
-2.445266e-02 
4.213522e-03 
4.107382e-02 
1.082134e-01 
1.665614e-01 
2.005625e-01 
2.139638e-01 
2.230911e-01 
2.144498e-01 
1.494215e-01 
5.627322e-02 
-1.245656e-02 
-5.352155e-02 
-5.424695e-02 
-6.446426e-02 
-6.794520e-02 
-4.478501e-02 
-1.515789e-02 
1.268249e-02 
3.399255e-02 
5.453820e-02 
8.188445e-02 
7.722780e-02 
3.459128e-02 
-2.594139e-02 
-7.889487e-02 
-7.474152e-02 
-7.938662e-02 
-9.044916e-02 
-7.455236e-02 
-4.254520e-02 
-1.202922e-02 
4.078106e-04 
7.704130e-03 
1.810823e-02 
2.352682e-02 
2.325669e-02 
3.063967e-02 
4.837570e-02 
6.598074e-02 
9.557381e-02 
1.281597e-01 
1.521410e-01 
1.798042e-01 
2.088611e-01 
2.399720e-01 
2.642702e-01 
2.731009e-01 
2.657714e-01 
2.412270e-01 
2.030255e-01 
1.613849e-01 
1.171672e-01 
9.270624e-02 
7.743064e-02 
7.235815e-02 
7.309368e-02 
5.153182e-02 
1.559615e-02 
-7.620991e-03 
-3.712284e-02 
-5.691323e-02 
-9.423921e-02 
-1.666217e-01 
-2.158978e-01 
-2.139771e-01 
-2.115485e-01 
-2.099265e-01 
-1.963584e-01 
-1.800988e-01 
-1.532392e-01 
-1.240719e-01 
-1.032721e-01 
-9.543646e-02 
-8.912598e-02 
-7.154710e-02 
-4.135136e-02 
1.275889e-02 
6.429028e-02 
1.350234e-01 
1.981223e-01 
2.317259e-01 
2.643868e-01 
3.037616e-01 
3.225646e-01 
2.906573e-01 
2.295596e-01 
1.598251e-01 
1.222432e-01 
1.079343e-01 
9.246501e-02 
1.044757e-01 
1.384279e-01 
1.657065e-01 
1.602455e-01 
1.390712e-01 
1.209808e-01 
1.100597e-01 
9.326221e-02 
7.551495e-02 
5.662553e-02 
3.221331e-02 
1.770012e-02 
3.876290e-03 
-1.591905e-02 
-2.501231e-02 
-2.571324e-02 
-2.648664e-02 
-3.227506e-02 
-4.948951e-02 
-9.814154e-02 
-1.869874e-01 
-2.291425e-01 
-2.072682e-01 
-2.332330e-01 
-2.793047e-01 
-2.767511e-01 
-2.432483e-01 
-2.147364e-01 
-2.078932e-01 
-2.037475e-01 
-1.993754e-01 
-1.916842e-01 
-1.814217e-01 
-1.721585e-01 
-1.697440e-01 
-1.746820e-01 
-1.800717e-01 
-1.818578e-01 
-1.838652e-01 
-1.768229e-01 
-1.636191e-01 
-1.546129e-01 
-1.455963e-01 
-1.403067e-01 
-1.426580e-01 
-1.484472e-01 
-1.536396e-01 
-1.548205e-01 
-1.499888e-01 
-1.351231e-01 
-1.086700e-01 
-8.156845e-02 
-5.581698e-02 
-2.559318e-02 
-4.564531e-03 
1.135489e-02 
3.011912e-02 
4.841596e-02 
6.712080e-02 
9.481271e-02 
1.323918e-01 
1.459307e-01 
1.413818e-01 
1.325022e-01 
1.270935e-01 
1.202331e-01 
1.022842e-01 
6.469992e-02 
2.000854e-02 
6.000826e-03 
-4.578522e-03 
-2.917558e-02 
-4.671021e-02 
-4.641735e-02 
-1.488462e-02 
3.296285e-02 
6.245719e-02 
9.038424e-02 
1.365626e-01 
1.834488e-01 
2.248336e-01 
2.257542e-01 
1.864720e-01 
1.731834e-01 
1.623216e-01 
1.566203e-01 
1.677852e-01 
1.921204e-01 
2.235877e-01 
2.277288e-01 
1.999529e-01 
1.759542e-01 
1.603564e-01 
1.543947e-01 
1.645880e-01 
2.240240e-01 
3.109172e-01 
2.917806e-01 
2.154640e-01 
1.203340e-01 
1.739784e-02 
-5.469135e-02 
-2.833263e-02 
-2.699462e-04 
-3.118999e-03 
4.329298e-02 
1.339422e-01 
1.856216e-01 
1.704712e-01 
1.248559e-01 
6.696002e-02 
1.424700e-02 
-2.707987e-02 
-2.235063e-02 
5.121861e-03 
2.781179e-02 
7.507273e-02 
1.130606e-01 
1.058425e-01 
6.984846e-02 
3.450858e-02 
-2.428361e-03 
-2.121680e-02 
-1.704371e-02 
-1.968758e-02 
-1.915764e-02 
-4.393902e-03 
7.254809e-03 
4.003092e-03 
-1.412083e-02 
-3.849882e-02 
-6.650138e-02 
-1.002482e-01 
-1.440237e-01 
-1.885864e-01 
-2.179513e-01 
-2.430290e-01 
-2.645029e-01 
-2.813792e-01 
-2.856864e-01 
-2.673392e-01 
-2.385256e-01 
-2.086377e-01 
-1.630321e-01 
-9.054979e-02 
-6.956221e-03 
1.866247e-02 
9.198416e-03 
1.045599e-02 
-1.353720e-02 
-5.907881e-02 
-1.021521e-01 
-1.282035e-01 
-1.388017e-01 
-1.441527e-01 
-1.359076e-01 
-1.276127e-01 
-1.260863e-01 
-1.194227e-01 
-1.019467e-01 
-6.303548e-02 
-6.691824e-03 
4.931614e-02 
1.014662e-01 
1.185378e-01 
1.201819e-01 
1.028952e-01 
6.597657e-02 
2.221896e-02 
-9.768848e-03 
-3.006159e-02 
-4.584212e-02 
-5.366905e-02 
-6.038809e-02 
-6.738316e-02 
-5.786572e-02 
-3.865532e-02 
-2.710780e-02 
-1.772968e-02 
-1.246315e-02 
-1.605030e-02 
-3.423915e-02 
-6.247023e-02 
-1.091978e-01 
-1.613879e-01 
-2.035883e-01 
-2.062511e-01 
-2.135372e-01 
-2.230884e-01 
-2.163215e-01 
-2.096549e-01 
-2.056025e-01 
-1.880221e-01 
-1.543540e-01 
-1.071202e-01 
-4.852852e-02 
4.566906e-02 
1.456436e-01 
2.387186e-01 
2.944547e-01 
2.712838e-01 
2.801772e-01 
3.241791e-01 
3.413487e-01 
3.289949e-01 
2.901627e-01 
2.307742e-01 
1.261458e-01 
9.039485e-02 
6.940726e-02 
6.642382e-02 
8.513268e-02 
1.455651e-01 
2.466963e-01 
3.146018e-01 
2.277295e-01 
1.907500e-01 
2.002947e-01 
1.729895e-01 
1.285116e-01 
9.144776e-02 
6.891474e-02 
7.398071e-02 
9.760068e-02 
1.410610e-01 
1.877907e-01 
1.745926e-01 
8.212292e-02 
3.222625e-02 
2.912227e-02 
2.344490e-02 
1.289082e-02 
2.732582e-02 
9.172518e-02 
1.649473e-01 
1.701319e-01 
1.855812e-01 
2.151974e-01 
2.004445e-01 
1.616347e-01 
1.245472e-01 
1.077343e-01 
1.090114e-01 
1.116832e-01 
1.222003e-01 
1.347445e-01 
1.404333e-01 
1.199736e-01 
6.422142e-02 
-6.065345e-03 
-5.426424e-02 
-7.018951e-02 
-9.408321e-02 
-1.202362e-01 
-1.256652e-01 
-1.127521e-01 
-1.018048e-01 
-1.001464e-01 
-9.624900e-02 
-9.132344e-02 
-8.079781e-02 
-6.692003e-02 
-6.219377e-02 
-7.267654e-02 
-8.713567e-02 
-1.025600e-01 
-1.343709e-01 
-1.760490e-01 
-1.916871e-01 
-1.831625e-01 
-1.904886e-01 
-2.154542e-01 
-2.479232e-01 
-2.641408e-01 
-2.167109e-01 
-1.377160e-01 
-6.040035e-02 
1.279745e-02 
2.396257e-02 
4.256665e-02 
8.225655e-02 
1.154216e-01 
1.386819e-01 
1.609931e-01 
1.595142e-01 
1.339452e-01 
8.332863e-02 
1.675171e-03 
-4.813119e-02 
-9.985883e-02 
-1.391354e-01 
-1.418839e-01 
-1.441904e-01 
-1.363501e-01 
-1.205515e-01 
-1.023594e-01 
-8.339966e-02 
-6.390616e-02 
-4.855680e-02 
-3.654230e-02 
-2.946595e-02 
-2.971146e-02 
-3.818850e-02 
-5.017573e-02 
-6.186615e-02 
-7.821286e-02 
-9.574393e-02 
-1.140952e-01 
-1.303958e-01 
-1.485956e-01 
-1.652676e-01 
-1.695987e-01 
-1.688406e-01 
-1.654329e-01 
-1.605483e-01 
-1.691989e-01 
-1.825944e-01 
-1.871063e-01 
-1.852054e-01 
-1.656662e-01 
-1.338461e-01 
-1.061440e-01 
-8.265699e-02 
-4.341307e-02 
5.186352e-03 
4.620211e-02 
9.317451e-02 
1.422910e-01 
1.912763e-01 
2.189578e-01 
2.183779e-01 
2.019815e-01 
1.790338e-01 
1.724932e-01 
1.705363e-01 
1.506786e-01 
1.174575e-01 
9.003043e-02 
8.417045e-02 
9.288073e-02 
1.068408e-01 
1.349936e-01 
1.656555e-01 
1.739233e-01 
1.630182e-01 
1.490520e-01 
1.283420e-01 
9.413722e-02 
3.426680e-02 
-2.164495e-02 
-7.309165e-02 
-9.322139e-02 
-7.961632e-02 
-6.653988e-02 
-5.008635e-02 
-3.503731e-02 
-2.952063e-02 
-4.110958e-02 
-6.121047e-02 
-7.958751e-02 
-1.013587e-01 
-1.287823e-01 
-1.537521e-01 
-1.760104e-01 
-1.978217e-01 
-2.019261e-01 
-1.812153e-01 
-1.614148e-01 
-1.468505e-01 
-1.346479e-01 
-1.273536e-01 
-1.253727e-01 
-1.340665e-01 
-1.363731e-01 
-1.249673e-01 
-1.086265e-01 
-1.016971e-01 
-9.793499e-02 
-8.890134e-02 
-7.457048e-02 
-5.199401e-02 
-2.785097e-02 
-8.439843e-03 
1.113697e-02 
3.257731e-02 
6.193572e-02 
9.490485e-02 
1.281923e-01 
1.633143e-01 
1.845405e-01 
1.825911e-01 
1.712955e-01 
1.689096e-01 
1.658869e-01 
1.535440e-01 
1.397578e-01 
1.285904e-01 
1.195855e-01 
1.191409e-01 
1.364692e-01 
1.334669e-01 
8.614193e-02 
2.361297e-02 
-2.690130e-02 
-5.896990e-02 
-7.657323e-02 
-1.085384e-01 
-1.351939e-01 
-1.568106e-01 
-1.813916e-01 
-2.066175e-01 
-2.405517e-01 
-2.760655e-01 
-2.948933e-01 
-2.753259e-01 
-2.709174e-01 
-3.025860e-01 
-2.891157e-01 
-2.347362e-01 
-1.610492e-01 
-5.697964e-02 
-4.090115e-03 
-9.523201e-03 
-2.373438e-02 
-2.604629e-02 
-2.845536e-02 
-3.954763e-02 
-4.823161e-02 
-5.477060e-02 
-6.714419e-02 
-8.297681e-02 
-9.321228e-02 
-1.033687e-01 
-1.098895e-01 
-1.010701e-01 
-7.494917e-02 
-3.933799e-02 
-7.578335e-03 
1.409275e-03 
2.105119e-03 
3.751843e-03 
-5.955399e-03 
-3.349512e-02 
-5.324965e-02 
-6.963192e-02 
-8.700966e-02 
-8.504050e-02 
-6.549161e-02 
-3.697512e-02 
-1.599730e-02 
-8.114058e-03 
1.890711e-03 
2.150318e-02 
5.077951e-02 
8.855350e-02 
1.292798e-01 
1.481037e-01 
1.363213e-01 
1.077877e-01 
5.164139e-02 
-1.802659e-02 
-5.040999e-02 
-6.105582e-02 
-7.884761e-02 
-8.609049e-02 
-7.283673e-02 
-3.759916e-02 
8.410345e-03 
6.387906e-02 
1.084652e-01 
1.434314e-01 
1.855235e-01 
1.976559e-01 
1.696564e-01 
1.279815e-01 
8.741916e-02 
6.130530e-02 
4.082215e-02 
1.986911e-02 
4.356830e-04 
-1.295086e-02 
-1.560584e-02 
-4.057908e-03 
8.724382e-03 
1.173036e-02 
1.953609e-02 
2.010215e-02 
2.225498e-02 
3.986801e-02 
7.113769e-02 
1.100175e-01 
1.291803e-01 
1.196734e-01 
9.427963e-02 
6.368527e-02 
4.645949e-02 
4.622868e-02 
3.791793e-02 
2.630587e-02 
3.812327e-02 
7.206255e-02 
1.103571e-01 
1.458183e-01 
1.831960e-01 
1.745496e-01 
1.822514e-01 
2.117079e-01 
2.140368e-01 
2.028197e-01 
2.001074e-01 
2.030922e-01 
1.968891e-01 
1.827327e-01 
1.629033e-01 
1.436076e-01 
1.290293e-01 
1.296181e-01 
1.272848e-01 
1.221137e-01 
1.313021e-01 
1.337259e-01 
1.173410e-01 
9.097868e-02 
5.737709e-02 
2.746434e-02 
9.239746e-03 
-2.008861e-03 
-1.061712e-02 
-1.655583e-02 
-2.260660e-02 
-3.051829e-02 
-4.120334e-02 
-5.114628e-02 
-5.459867e-02 
-5.087571e-02 
-4.112564e-02 
-3.491473e-02 
-2.740610e-02 
-1.779245e-02 
-9.454056e-03 
-6.129331e-03 
-9.151905e-03 
-1.375648e-02 
-1.602534e-02 
-1.666960e-02 
-1.062020e-02 
-3.171540e-03 
-9.197225e-04 
1.102021e-02 
2.765535e-02 
4.117982e-02 
4.934939e-02 
5.425588e-02 
4.919972e-02 
3.446861e-02 
2.048756e-02 
9.704594e-03 
8.495335e-04 
-5.755495e-03 
-1.250418e-02 
-1.156383e-02 
-1.146732e-02 
-2.267271e-02 
-3.804199e-02 
-6.207402e-02 
-9.331870e-02 
-1.188746e-01 
-1.361030e-01 
-1.597432e-01 
-1.832587e-01 
-2.045545e-01 
-2.269988e-01 
-2.351489e-01 
-2.182293e-01 
-1.870482e-01 
-1.401461e-01 
-7.858472e-02 
-4.647278e-02 
-6.024146e-04 
5.970425e-02 
1.037231e-01 
1.483619e-01 
1.956748e-01 
2.014351e-01 
1.700298e-01 
1.458110e-01 
1.126813e-01 
5.270883e-02 
-3.333558e-02 
-1.133982e-01 
-1.608523e-01 
-1.640768e-01 
-1.410416e-01 
-1.005810e-01 
-3.737453e-02 
1.750932e-02 
5.755019e-02 
9.187537e-02 
1.231561e-01 
1.395741e-01 
1.307697e-01 
1.030834e-01 
6.016808e-02 
1.283055e-02 
-2.632655e-02 
-5.321390e-02 
-7.876602e-02 
-1.027364e-01 
-1.111799e-01 
-9.575651e-02 
-4.416799e-02 
1.102839e-02 
7.064298e-02 
1.488907e-01 
1.770157e-01 
1.610574e-01 
1.279329e-01 
9.088764e-02 
6.033006e-02 
3.520188e-02 
4.949553e-03 
-2.448307e-02 
-4.828732e-02 
-6.774524e-02 
-8.299230e-02 
-9.110941e-02 
-1.007683e-01 
-1.067948e-01 
-1.029785e-01 
-8.594253e-02 
-5.685725e-02 
-1.321846e-02 
1.848310e-02 
4.784169e-02 
9.558400e-02 
1.196089e-01 
1.417701e-01 
1.705791e-01 
1.851912e-01 
1.924590e-01 
1.802656e-01 
1.605313e-01 
1.467519e-01 
1.390547e-01 
1.320610e-01 
1.254983e-01 
1.228353e-01 
1.312480e-01 
1.419596e-01 
1.421480e-01 
1.356008e-01 
1.163119e-01 
9.733128e-02 
8.188107e-02 
5.024442e-02 
3.397214e-02 
9.194738e-03 
-2.726607e-02 
-4.552644e-02 
-5.311018e-02 
-7.430586e-02 
-9.472377e-02 
-1.155014e-01 
-1.409677e-01 
-1.674157e-01 
-1.858873e-01 
-2.067352e-01 
-2.241454e-01 
-2.408796e-01 
-2.541641e-01 
-2.555697e-01 
-2.442865e-01 
-2.147827e-01 
-1.625846e-01 
-1.077661e-01 
-6.834735e-02 
-4.583406e-02 
-4.190240e-02 
-4.476501e-02 
-6.314372e-02 
-9.041204e-02 
-1.438213e-01 
-1.823053e-01 
-2.293480e-01 
-2.530108e-01 
-2.596440e-01 
-2.765888e-01 
-2.892237e-01 
-2.880902e-01 
-2.715348e-01 
-2.423687e-01 
-2.062890e-01 
-1.829797e-01 
-1.580601e-01 
-1.283029e-01 
-1.023474e-01 
-7.048250e-02 
-4.481748e-02 
-1.789260e-02 
9.386739e-03 
2.304418e-02 
4.220603e-02 
5.380908e-02 
4.412479e-02 
3.240395e-02 
1.853364e-02 
3.328877e-03 
-6.792861e-03 
-1.372383e-02 
-2.038386e-02 
-3.202988e-02 
-4.645481e-02 
-6.181586e-02 
-7.894836e-02 
-8.939897e-02 
-9.358704e-02 
-9.718497e-02 
-9.769489e-02 
-9.463691e-02 
-9.606522e-02 
-1.024560e-01 
-1.016680e-01 
-8.617864e-02 
-6.472428e-02 
-3.764253e-02 
-1.127610e-02 
9.033848e-03 
2.960270e-02 
4.666723e-02 
5.624294e-02 
5.974870e-02 
6.162580e-02 
6.474516e-02 
6.672922e-02 
6.931098e-02 
7.358223e-02 
7.554705e-02 
7.745612e-02 
8.053948e-02 
8.351464e-02 
8.278558e-02 
8.469319e-02 
8.884070e-02 
9.708147e-02 
1.099123e-01 
1.226501e-01 
1.380124e-01 
1.557581e-01 
1.703351e-01 
1.727680e-01 
1.652120e-01 
1.528345e-01 
1.304454e-01 
9.444744e-02 
6.000236e-02 
3.196668e-02 
1.887622e-02 
2.072829e-02 
3.093727e-02 
5.312469e-02 
8.588204e-02 
1.112918e-01 
1.212469e-01 
1.233932e-01 
1.084448e-01 
7.802602e-02 
4.973593e-02 
2.542174e-02 
8.936458e-03 
4.489113e-03 
1.424216e-02 
3.269076e-02 
5.065279e-02 
6.808274e-02 
7.877753e-02 
8.796409e-02 
8.960412e-02 
7.716444e-02 
6.570352e-02 
5.695328e-02 
4.571049e-02 
3.075868e-02 
1.218912e-02 
-5.331592e-03 
-1.370275e-02 
-1.952713e-02 
-2.227692e-02 
-2.192283e-02 
-1.691005e-02 
-8.411656e-03 
4.014116e-03 
2.286570e-02 
3.876173e-02 
4.577282e-02 
4.386470e-02 
3.223888e-02 
2.529080e-02 
2.280242e-02 
1.879349e-02 
2.288904e-02 
3.554130e-02 
4.819293e-02 
6.004143e-02 
7.293369e-02 
8.527578e-02 
9.503850e-02 
1.057300e-01 
1.136325e-01 
1.225627e-01 
1.298545e-01 
1.403635e-01 
1.465791e-01 
1.437405e-01 
1.378818e-01 
1.267912e-01 
1.126962e-01 
9.602283e-02 
8.538806e-02 
7.588747e-02 
6.708540e-02 
6.127202e-02 
6.093197e-02 
6.972754e-02 
8.030905e-02 
8.537249e-02 
9.534692e-02 
1.010152e-01 
9.965942e-02 
8.895388e-02 
7.157061e-02 
4.448603e-02 
1.782977e-02 
-3.854820e-03 
-2.272538e-02 
-4.582918e-02 
-6.513577e-02 
-8.519182e-02 
-9.702061e-02 
-1.028989e-01 
-1.105954e-01 
-1.185853e-01 
-1.285304e-01 
-1.313432e-01 
-1.336275e-01 
-1.374563e-01 
-1.337324e-01 
-1.278809e-01 
-1.191318e-01 
-9.756848e-02 
-6.496208e-02 
-3.345978e-02 
1.535629e-04 
2.312478e-02 
3.759599e-02 
4.592010e-02 
4.142032e-02 
3.369047e-02 
2.738796e-02 
2.050862e-02 
1.472698e-02 
1.142939e-02 
9.110487e-03 
2.548715e-03 
-6.091823e-03 
-1.567131e-02 
-2.651039e-02 
-4.228792e-02 
-5.807296e-02 
-7.196230e-02 
-8.837888e-02 
-1.025052e-01 
-1.108971e-01 
-1.140682e-01 
-1.172819e-01 
-1.174064e-01 
-1.077165e-01 
-9.620853e-02 
-8.014919e-02 
-6.473692e-02 
-4.589436e-02 
-2.832532e-02 
-1.257504e-02 
1.491541e-03 
1.713407e-02 
3.393782e-02 
5.135838e-02 
6.747613e-02 
7.906391e-02 
8.320520e-02 
9.642591e-02 
1.111461e-01 
1.121218e-01 
1.108459e-01 
1.144359e-01 
1.153934e-01 
1.105094e-01 
1.021943e-01 
8.362988e-02 
6.548292e-02 
5.567264e-02 
4.467171e-02 
3.567722e-02 
3.461365e-02 
3.462189e-02 
3.694143e-02 
4.373824e-02 
5.283819e-02 
6.587762e-02 
7.598767e-02 
7.989295e-02 
7.904110e-02 
7.339109e-02 
6.323693e-02 
5.454957e-02 
4.501412e-02 
3.107600e-02 
2.255261e-02 
2.021024e-02 
2.152179e-02 
2.120047e-02 
1.632225e-02 
7.162664e-03 
-4.324392e-03 
-1.581266e-02 
-3.080081e-02 
-5.124541e-02 
-6.955915e-02 
-8.443158e-02 
-9.595231e-02 
-1.034530e-01 
-1.110251e-01 
-1.140977e-01 
-1.126421e-01 
-1.068507e-01 
-9.915486e-02 
-9.281314e-02 
-8.769916e-02 
-8.161904e-02 
-7.069162e-02 
-6.231177e-02 
-5.296221e-02 
-4.015158e-02 
-2.960046e-02 
-2.064740e-02 
-1.024689e-02 
5.889780e-03 
2.718380e-02 
5.298969e-02 
7.724336e-02 
8.890031e-02 
9.561026e-02 
1.043682e-01 
1.115460e-01 
1.006986e-01 
8.862230e-02 
8.491489e-02 
7.359907e-02 
5.744882e-02 
3.854265e-02 
1.515784e-02 
-4.839450e-03 
-2.636112e-02 
-4.138302e-02 
-5.253560e-02 
-5.884317e-02 
-6.678374e-02 
-6.911271e-02 
-6.710730e-02 
-6.170746e-02 
-5.535372e-02 
-4.729862e-02 
-3.323985e-02 
-1.935946e-02 
-6.506205e-03 
-8.152058e-04 
6.154483e-03 
3.822856e-03 
-3.280929e-03 
-1.116135e-02 
-1.504824e-02 
-1.923066e-02 
-2.230930e-02 
-2.418525e-02 
-2.576452e-02 
-2.823767e-02 
-3.272652e-02 
-3.711649e-02 
-3.926110e-02 
-4.540119e-02 
-4.913450e-02 
-4.898209e-02 
-4.694514e-02 
-4.418665e-02 
-4.654395e-02 
-4.684527e-02 
-5.008306e-02 
-5.759674e-02 
-6.298050e-02 
-7.058112e-02 
-7.972777e-02 
-8.658541e-02 
-8.852123e-02 
-9.122493e-02 
-9.134138e-02 
-8.645468e-02 
-8.254226e-02 
-7.995637e-02 
-7.608202e-02 
-6.957228e-02 
-6.403859e-02 
-6.312476e-02 
-5.913127e-02 
-5.299098e-02 
-5.128164e-02 
-4.972217e-02 
-4.770725e-02 
-4.441283e-02 
-4.269083e-02 
-4.063196e-02 
-3.860729e-02 
-3.590204e-02 
-3.431513e-02 
-3.195360e-02 
-3.042260e-02 
-3.133240e-02 
-2.766472e-02 
-2.710143e-02 
-2.920126e-02 
-2.828092e-02 
-2.736885e-02 
-2.762118e-02 
-2.802359e-02 
-3.044772e-02 
-3.787396e-02 
-4.212526e-02 
-4.746340e-02 
-5.342060e-02 
-5.489050e-02 
-4.865322e-02 
-4.266330e-02 
-3.592417e-02 
-2.739247e-02 
-1.836904e-02 
-8.579216e-03 
7.312123e-04 
8.228737e-03 
1.617931e-02 
2.307081e-02 
2.544440e-02 
2.632408e-02 
1.822246e-02 
6.817604e-03 
-1.958101e-03 
-9.050189e-03 
-1.380069e-02 
-2.024502e-02 
-2.131224e-02 
-2.482576e-02 
-2.854032e-02 
-3.241488e-02 
-3.584490e-02 
-3.905553e-02 
-3.955541e-02 
-3.498038e-02 
-2.369494e-02 
-1.092275e-02 
3.387810e-03 
1.954639e-02 
2.927304e-02 
4.079117e-02 
4.732685e-02 
4.936519e-02 
4.700237e-02 
4.113524e-02 
3.489456e-02 
2.537647e-02 
1.773534e-02 
1.106793e-02 
7.268720e-04 
-3.871017e-03 
-5.323762e-03 
-1.036477e-02 
-8.072140e-03 
-4.454303e-03 
-3.858397e-03 
-1.952267e-03 
-5.461971e-03 
-1.281782e-02 
-2.340175e-02 
-3.317704e-02 
-4.650484e-02 
-6.282201e-02 
-7.107335e-02 
-8.134881e-02 
-9.265941e-02 
-9.885477e-02 
-9.640734e-02 
-8.601250e-02 
-6.987621e-02 
-5.119307e-02 
-2.885399e-02 
-1.440326e-02 
-6.798365e-03 
2.158065e-03 
7.527018e-03 
5.368301e-03 
2.056113e-03 
3.612430e-03 
4.328151e-03 
4.067760e-03 
8.213179e-03 
1.369964e-02 
2.098491e-02 
3.165714e-02 
3.687362e-02 
4.307718e-02 
4.896643e-02 
5.697625e-02 
6.668503e-02 
7.212350e-02 
7.728870e-02 
7.991463e-02 
8.005591e-02 
8.254458e-02 
7.530929e-02 
6.636557e-02 
5.691945e-02 
4.558471e-02 
3.333579e-02 
2.185117e-02 
1.235195e-02 
4.321469e-03 
-4.623499e-04 
-5.250557e-04 
9.558574e-04 
4.346618e-03 
1.168921e-02 
2.301505e-02 
3.076156e-02 
3.408758e-02 
4.056930e-02 
4.477318e-02 
4.391343e-02 
4.883332e-02 
5.248193e-02 
5.321591e-02 
5.947548e-02 
6.321117e-02 
6.347010e-02 
6.740774e-02 
7.226872e-02 
7.084475e-02 
7.134127e-02 
6.981083e-02 
6.409667e-02 
6.458574e-02 
6.021391e-02 
5.607872e-02 
4.987789e-02 
4.690851e-02 
4.214668e-02 
3.311965e-02 
2.892369e-02 
2.457476e-02 
1.878610e-02 
1.677685e-02 
1.999505e-02 
2.761142e-02 
3.209404e-02 
3.751806e-02 
4.514175e-02 
4.604108e-02 
4.237175e-02 
3.966110e-02 
3.833512e-02 
3.327939e-02 
3.250712e-02 
3.028968e-02 
2.615304e-02 
2.330887e-02 
1.991190e-02 
1.586922e-02 
1.430079e-02 
1.397400e-02 
1.507168e-02 
1.654537e-02 
1.784356e-02 
1.298159e-02 
7.595307e-03 
2.445872e-03 
-2.586316e-03 
-5.463811e-03 
-8.546470e-03 
-3.879246e-03 
4.426119e-03 
1.272728e-02 
2.362097e-02 
3.224089e-02 
3.671410e-02 
3.631837e-02 
3.193127e-02 
2.045955e-02 
7.918415e-03 
-3.918685e-03 
-1.808820e-02 
-2.888767e-02 
-3.715500e-02 
-4.354117e-02 
-4.835708e-02 
-4.851229e-02 
-4.736567e-02 
-4.322357e-02 
-3.877740e-02 
-3.667849e-02 
-3.737747e-02 
-4.077113e-02 
-4.707974e-02 
-5.054413e-02 
-5.586881e-02 
-6.189541e-02 
-6.714286e-02 
-7.417565e-02 
-7.780497e-02 
-8.432443e-02 
-8.649998e-02 
-8.921173e-02 
-8.984877e-02 
-8.623997e-02 
-8.208229e-02 
-7.268816e-02 
-6.061694e-02 
-5.015930e-02 
-3.611785e-02 
-1.795647e-02 
-7.277387e-03 
4.252915e-03 
1.623494e-02 
2.308274e-02 
2.719903e-02 
3.025967e-02 
3.222577e-02 
3.127622e-02 
2.975068e-02 
2.865521e-02 
3.227837e-02 
3.419591e-02 
3.261266e-02 
3.034692e-02 
2.674203e-02 
1.827664e-02 
9.546437e-03 
4.276462e-03 
-4.326922e-03 
-9.862695e-03 
-1.205552e-02 
-1.835741e-02 
-2.274829e-02 
-2.350588e-02 
-2.700413e-02 
-3.240023e-02 
-3.543875e-02 
-3.888784e-02 
-4.010463e-02 
-3.802056e-02 
-3.827081e-02 
-3.344069e-02 
-2.362732e-02 
-1.583360e-02 
-9.547637e-03 
-3.825751e-03 
1.145632e-03 
4.454959e-03 
2.916301e-03 
2.599373e-03 
4.393218e-03 
2.423865e-03 
7.863045e-04 
2.402990e-03 
3.520023e-03 
6.130704e-03 
5.415411e-03 
8.635123e-03 
1.271211e-02 
1.528106e-02 
2.034867e-02 
2.101936e-02 
1.998856e-02 
2.026218e-02 
2.136081e-02 
2.156696e-02 
2.131511e-02 
2.057119e-02 
1.811849e-02 
1.722798e-02 
1.535705e-02 
1.074642e-02 
8.770893e-03 
4.448847e-03 
-2.034904e-03 
-4.508023e-03 
-5.620787e-03 
-7.398896e-03 
-1.208611e-02 
-1.274008e-02 
-1.299169e-02 
-1.561465e-02 
-1.567657e-02 
-1.436468e-02 
-1.354408e-02 
-1.172613e-02 
-7.645232e-03 
-6.977691e-03 
-6.703766e-03 
-3.215869e-03 
-5.568317e-03 
-1.123850e-02 
-1.459092e-02 
-1.978200e-02 
-2.658126e-02 
-2.934733e-02 
-3.350731e-02 
-3.429765e-02 
-3.647334e-02 
-3.651121e-02 
-3.599255e-02 
-3.689179e-02 
-3.715337e-02 
-3.685908e-02 
-3.684892e-02 
-3.628616e-02 
-3.394203e-02 
-3.126148e-02 
-2.628997e-02 
-2.334787e-02 
-1.634210e-02 
-1.504016e-02 
-1.385798e-02 
-8.309925e-03 
-2.801337e-03 
3.885677e-04 
3.996404e-03 
7.342456e-03 
9.957609e-03 
1.346207e-02 
1.261360e-02 
9.661257e-03 
9.319133e-03 
1.067915e-02 
1.114900e-02 
1.265138e-02 
1.674144e-02 
2.298014e-02 
2.683144e-02 
3.312565e-02 
4.151485e-02 
4.721532e-02 
5.121127e-02 
5.068951e-02 
4.849393e-02 
4.627045e-02 
4.399884e-02 
4.060636e-02 
4.078063e-02 
4.014129e-02 
3.723129e-02 
3.519848e-02 
3.521681e-02 
3.634806e-02 
3.574879e-02 
3.511385e-02 
3.462398e-02 
3.305832e-02 
3.438396e-02 
3.460113e-02 
3.397629e-02 
3.273783e-02 
3.066046e-02 
2.974142e-02 
2.875451e-02 
2.485227e-02 
2.103778e-02 
2.234695e-02 
2.280345e-02 
2.205469e-02 
2.141755e-02 
1.982010e-02 
1.787439e-02 
1.700733e-02 
1.146318e-02 
5.907991e-03 
6.158253e-03 
6.126209e-03 
3.859309e-03 
5.347084e-03 
6.504761e-03 
1.161736e-02 
1.549992e-02 
1.989559e-02 
2.252592e-02 
1.938420e-02 
1.961530e-02 
2.282505e-02 
2.665673e-02 
2.771174e-02 
3.140555e-02 
3.168215e-02 
2.857728e-02 
2.739662e-02 
2.678905e-02 
2.381486e-02 
2.340279e-02 
2.240421e-02 
2.100790e-02 
2.269668e-02 
2.572238e-02 
2.775159e-02 
2.659776e-02 
2.553015e-02 
2.667285e-02 
2.654316e-02 
2.271950e-02 
2.080875e-02 
2.302281e-02 
2.157258e-02 
2.130667e-02 
2.275852e-02 
2.237960e-02 
1.865026e-02 
1.666219e-02 
1.420338e-02 
1.288447e-02 
1.373146e-02 
1.389440e-02 
1.295037e-02 
1.270630e-02 
1.294623e-02 
1.294887e-02 
1.272423e-02 
1.116551e-02 
9.291642e-03 
1.017979e-02 
1.438772e-02 
1.927880e-02 
2.260366e-02 
3.055084e-02 
3.761137e-02 
4.166484e-02 
4.307384e-02 
4.387112e-02 
4.606385e-02 
4.541988e-02 
4.720468e-02 
4.599011e-02 
4.018478e-02 
3.405517e-02 
2.722763e-02 
2.128292e-02 
1.714807e-02 
1.196290e-02 
9.456633e-03 
7.963708e-03 
7.901257e-03 
8.161759e-03 
6.810240e-03 
4.495411e-03 
1.080605e-03 
-1.820473e-03 
-7.449479e-03 
-9.764863e-03 
-1.141831e-02 
-1.504413e-02 
-1.769149e-02 
-1.682808e-02 
-1.236978e-02 
-1.378120e-02 
-1.240417e-02 
-1.240989e-02 
-1.333663e-02 
-1.252032e-02 
-1.213094e-02 
-1.286728e-02 
-1.511807e-02 
-1.647830e-02 
-1.775259e-02 
-1.958456e-02 
-2.272971e-02 
-2.428288e-02 
-3.080838e-02 
-3.695741e-02 
-3.770353e-02 
-4.058311e-02 
-4.837491e-02 
-4.901639e-02 
-4.988041e-02 
-5.095316e-02 
-4.915112e-02 
-4.485929e-02 
-4.240115e-02 
-3.696335e-02 
-2.912792e-02 
-2.538493e-02 
-2.072010e-02 
-1.539473e-02 
-1.322596e-02 
-1.356986e-02 
-1.529333e-02 
-1.844926e-02 
-2.330608e-02 
-2.403919e-02 
-2.177854e-02 
-2.222548e-02 
-2.266437e-02 
-2.039022e-02 
-1.794009e-02 
-1.725005e-02 
-1.944812e-02 
-1.887275e-02 
-1.769170e-02 
-1.916970e-02 
-2.165818e-02 
-2.349989e-02 
-2.553718e-02 
-2.696761e-02 
-2.714192e-02 
-2.441756e-02 
-2.385140e-02 
-2.270785e-02 
-2.334314e-02 
-2.093451e-02 
-2.016743e-02 
-2.165282e-02 
-2.126737e-02 
-2.178563e-02 
-2.662985e-02 
-3.338800e-02 
-3.816277e-02 
-4.116551e-02 
-4.341583e-02 
-4.484207e-02 
-4.270136e-02 
-3.825216e-02 
-3.713769e-02 
-3.794005e-02 
-3.912859e-02 
-3.791128e-02 
-3.714009e-02 
-3.750299e-02 
-3.643408e-02 
-3.293217e-02 
-2.981211e-02 
-2.569565e-02 
-2.110022e-02 
-1.829940e-02 
-1.216881e-02 
-9.859125e-03 
-8.653136e-03 
-7.101839e-03 
-8.175501e-03 
-7.605925e-03 
-6.715091e-03 
-6.893579e-03 
-4.751473e-03 
-1.297672e-03 
-5.186674e-04 
2.616672e-03 
6.879367e-03 
1.141670e-02 
1.628742e-02 
1.998594e-02 
2.296730e-02 
2.857578e-02 
3.084462e-02 
3.192618e-02 
2.777121e-02 
2.430811e-02 
2.255425e-02 
2.167798e-02 
2.416203e-02 
2.549461e-02 
2.733186e-02 
2.604248e-02 
2.610374e-02 
2.723039e-02 
2.407296e-02 
2.165367e-02 
1.923303e-02 
1.902156e-02 
1.738122e-02 
1.080928e-02 
1.046927e-02 
9.029444e-03 
4.228722e-03 
3.462565e-03 
3.006979e-04 
-3.127049e-03 
-6.569308e-03 
-1.149519e-02 
-1.762379e-02 
-2.230054e-02 
-2.397516e-02 
-3.191987e-02 
-3.582418e-02 
-3.307490e-02 
-3.118184e-02 
-3.022738e-02 
-2.765455e-02 
-2.627580e-02 
-2.726549e-02 
-2.877502e-02 
-2.994218e-02 
-2.934979e-02 
-2.591871e-02 
-2.089369e-02 
-1.622835e-02 
-1.117176e-02 
-6.118820e-03 
-2.962296e-03 
4.538697e-04 
6.324828e-03 
9.740105e-03 
1.425378e-02 
1.554031e-02 
1.714255e-02 
1.744353e-02 
1.460342e-02 
8.513006e-03 
1.581346e-03 
-3.376036e-03 
-8.253891e-03 
-1.528351e-02 
-2.022819e-02 
-2.552249e-02 
-3.049949e-02 
-3.262595e-02 
-3.596422e-02 
-4.093424e-02 
-4.156762e-02 
-4.174848e-02 
-4.310675e-02 
-4.274571e-02 
-4.047315e-02 
-3.521187e-02 
-3.116375e-02 
-2.723612e-02 
-2.207500e-02 
-2.125179e-02 
-2.292914e-02 
-2.347584e-02 
-2.413565e-02 
-2.152292e-02 
-1.605190e-02 
-1.481427e-02 
-1.358456e-02 
-1.029279e-02 
-7.081395e-03 
-3.375427e-03 
-7.520603e-04 
-3.129623e-04 
1.468950e-03 
4.035778e-04 
6.100805e-04 
-8.343408e-04 
-3.092001e-03 
-6.308529e-04 
-5.443946e-04 
-1.792654e-03 
1.846447e-03 
6.609409e-03 
5.848559e-03 
6.564682e-03 
5.947910e-03 
6.375819e-03 
5.878957e-03 
2.321314e-03 
1.739037e-04 
7.093396e-04 
3.582957e-04 
1.570846e-03 
2.302940e-03 
6.805099e-04 
1.914956e-03 
2.534601e-03 
-1.205302e-03 
-3.468474e-03 
-4.674155e-03 
-3.750504e-03 
-2.014647e-03 
3.995624e-04 
3.224057e-03 
6.423018e-03 
9.933639e-03 
1.163190e-02 
1.213489e-02 
1.334116e-02 
1.759884e-02 
1.917681e-02 
2.203319e-02 
2.494105e-02 
2.732573e-02 
3.014586e-02 
3.188905e-02 
3.352996e-02 
3.528215e-02 
3.361212e-02 
3.511104e-02 
3.832085e-02 
3.778435e-02 
3.625014e-02 
3.594159e-02 
3.437761e-02 
3.425199e-02 
3.540925e-02 
3.480624e-02 
3.313741e-02 
3.225920e-02 
3.251488e-02 
3.137029e-02 
3.322538e-02 
3.556830e-02 
3.482282e-02 
3.581606e-02 
3.879037e-02 
3.780179e-02 
3.739303e-02 
3.502719e-02 
3.288898e-02 
3.004049e-02 
2.768785e-02 
2.761132e-02 
2.800045e-02 
2.822774e-02 
3.195224e-02 
3.413291e-02 
3.675975e-02 
3.502649e-02 
3.194316e-02 
2.898808e-02 
2.642692e-02 
2.200276e-02 
2.024626e-02 
2.336698e-02 
2.665823e-02 
2.822026e-02 
2.991691e-02 
3.153098e-02 
3.100569e-02 
2.947272e-02 
2.824609e-02 
2.769749e-02 
2.523386e-02 
2.134296e-02 
1.680083e-02 
1.128359e-02 
7.435661e-03 
1.457182e-03 
-3.100516e-03 
-5.475529e-03 
-9.314788e-03 
-1.439946e-02 
-1.677452e-02 
-1.876084e-02 
-2.092638e-02 
-2.171273e-02 
-2.346769e-02 
-2.414383e-02 
-2.172901e-02 
-1.797199e-02 
-1.821550e-02 
-1.582815e-02 
-1.399426e-02 
-1.185884e-02 
-1.381102e-02 
-1.441927e-02 
-1.755825e-02 
-2.480811e-02 
-2.430831e-02 
-2.564221e-02 
-2.947753e-02 
-2.955892e-02 
-2.674729e-02 
-2.351216e-02 
-2.310487e-02 
-1.959643e-02 
-2.163696e-02 
-2.173083e-02 
-2.654636e-02 
-3.234606e-02 
-3.716246e-02 
-4.172879e-02 
-4.584732e-02 
-4.663958e-02 
-4.725397e-02 
-4.295334e-02 
-4.462977e-02 
-4.228622e-02 
-4.005364e-02 
-3.547343e-02 
-2.711818e-02 
-1.957698e-02 
-1.248573e-02 
-7.038303e-03 
-1.533001e-03 
1.377280e-03 
4.022448e-03 
1.245814e-03 
-1.899463e-03 
-7.533551e-03 
-1.623382e-02 
-2.366387e-02 
-2.812898e-02 
-3.449103e-02 
-3.855206e-02 
-3.734962e-02 
-3.276460e-02 
-3.010781e-02 
-3.036392e-02 
-3.007901e-02 
-2.780949e-02 
-2.536910e-02 
-2.255131e-02 
-2.067799e-02 
-1.316585e-02 
-7.676848e-03 
-8.101200e-03 
-3.967454e-03 
-1.213027e-03 
-6.288698e-03 
-1.036493e-02 
-1.328396e-02 
-1.827119e-02 
-1.942189e-02 
-2.126920e-02 
-2.462693e-02 
-2.325948e-02 
-2.270504e-02 
-2.284745e-02 
-1.700525e-02 
-1.483095e-02 
-1.197825e-02 
-4.743827e-03 
-8.512435e-04 
3.330245e-03 
7.874039e-03 
9.051627e-03 
7.685071e-03 
8.216277e-03 
1.175686e-02 
1.353772e-02 
1.378475e-02 
1.494045e-02 
1.483331e-02 
1.639105e-02 
1.853166e-02 
1.755695e-02 
1.871391e-02 
1.977341e-02 
2.266122e-02 
2.428909e-02 
2.403677e-02 
2.410144e-02 
2.069620e-02 
1.704377e-02 
1.757658e-02 
1.741643e-02 
1.648946e-02 
2.002682e-02 
1.887778e-02 
1.379067e-02 
1.226812e-02 
1.197059e-02 
1.137137e-02 
9.379405e-03 
9.268256e-03 
1.022720e-02 
1.278812e-02 
1.479554e-02 
1.453115e-02 
1.752657e-02 
1.997519e-02 
2.165151e-02 
2.471099e-02 
2.592542e-02 
2.525133e-02 
2.482273e-02 
2.458264e-02 
2.152953e-02 
1.813321e-02 
1.499808e-02 
9.245941e-03 
3.141292e-03 
7.277232e-04 
-1.017609e-03 
-3.656478e-03 
-6.541895e-04 
-1.708166e-04 
-5.017482e-04 
1.889311e-03 
1.717682e-04 
-7.833870e-05 
-1.205147e-04 
-3.739336e-05 
3.242545e-03 
4.173099e-03 
6.186042e-03 
1.092887e-02 
1.202760e-02 
1.090748e-02 
1.000832e-02 
9.321230e-03 
1.158512e-02 
1.420829e-02 
1.309770e-02 
1.034099e-02 
1.480441e-02 
1.843487e-02 
2.295456e-02 
2.848564e-02 
3.788512e-02 
3.983124e-02 
3.971896e-02 
3.640942e-02 
3.081271e-02 
2.897392e-02 
2.688390e-02 
2.584866e-02 
2.883566e-02 
3.344741e-02 
3.548947e-02 
3.420690e-02 
3.643509e-02 
3.037297e-02 
1.774041e-02 
8.945770e-03 
2.423431e-03 
-4.921579e-03 
-5.906893e-03 
-3.002948e-03 
2.713023e-03 
9.200657e-03 
1.254977e-02 
1.737734e-02 
1.571594e-02 
1.061433e-02 
5.035374e-03 
5.829274e-04 
-4.878175e-03 
-5.843038e-03 
-1.153266e-03 
-2.256677e-03 
-9.017547e-04 
2.185663e-03 
-1.035139e-04 
-6.999227e-04 
6.389082e-04 
-1.175160e-03 
-1.194212e-03 
-2.113684e-03 
-1.969768e-03 
-1.474569e-03 
-1.925431e-03 
-2.559081e-03 
-4.638159e-03 
-5.173564e-03 
-2.300722e-03 
-5.176139e-03 
-8.444055e-03 
-7.970877e-03 
-6.907447e-03 
-9.356822e-03 
-1.379829e-02 
-1.662847e-02 
-1.587611e-02 
-2.082512e-02 
-2.510726e-02 
-2.608182e-02 
-2.864814e-02 
-2.989847e-02 
-2.867462e-02 
-2.667875e-02 
-2.397019e-02 
-2.138046e-02 
-1.913194e-02 
-1.443479e-02 
-9.544841e-03 
-4.461164e-03 
-2.845016e-03 
-3.195901e-03 
1.038303e-03 
5.483541e-03 
7.318590e-03 
9.284742e-03 
8.416578e-03 
7.528871e-03 
6.720953e-03 
3.269799e-03 
5.298352e-04 
-1.489685e-03 
-3.810437e-03 
-3.092134e-03 
-6.054768e-03 
-7.036877e-03 
-5.075853e-03 
-5.855457e-03 
-8.288368e-03 
-8.363354e-03 
-8.377820e-03 
-9.252046e-03 
-8.654384e-03 
-7.120782e-03 
-5.484928e-03 
-4.708079e-03 
-6.854028e-03 
-7.888868e-03 
-7.422197e-03 
-9.550338e-03 
-1.064313e-02 
-6.724640e-03 
-6.915853e-04 
2.742275e-03 
1.097424e-02 
1.882824e-02 
2.425809e-02 
2.303469e-02 
1.451486e-02 
3.954568e-03 
-2.160057e-03 
-1.070538e-02 
-2.179204e-02 
-2.355428e-02 
-2.492052e-02 
-2.526572e-02 
-2.312049e-02 
-1.990498e-02 
-2.061072e-02 
-1.725142e-02 
-1.353262e-02 
-1.067649e-02 
-5.783822e-03 
-2.238826e-04 
8.138177e-03 
1.388612e-02 
1.647521e-02 
2.015256e-02 
2.268801e-02 
1.650878e-02 
1.265938e-02 
1.280324e-02 
8.750833e-03 
6.027175e-03 
7.141167e-03 
8.996830e-03 
5.429280e-03 
4.472765e-03 
3.920652e-03 
2.086102e-03 
8.456921e-04 
1.274943e-04 
1.315989e-03 
3.827602e-03 
6.130490e-03 
8.673328e-03 
1.497325e-02 
1.698702e-02 
1.540141e-02 
1.552237e-02 
1.659383e-02 
1.694290e-02 
1.490697e-02 
1.522988e-02 
1.844849e-02 
1.950984e-02 
1.957169e-02 
1.897320e-02 
1.712856e-02 
1.432743e-02 
1.150377e-02 
9.452155e-03 
6.914412e-03 
7.235131e-03 
8.605756e-03 
1.047781e-02 
1.223687e-02 
1.218606e-02 
1.516638e-02 
1.584320e-02 
1.375242e-02 
1.133378e-02 
9.709977e-03 
6.187947e-03 
1.301921e-03 
-6.191790e-04 
-2.870381e-03 
-3.151401e-03 
-3.943278e-03 
-3.977014e-03 
-3.023994e-03 
-2.236189e-03 
-2.452675e-03 
-1.854298e-04 
2.630258e-03 
4.446103e-03 
5.634546e-03 
8.192031e-03 
7.033264e-03 
2.992058e-03 
1.770024e-03 
3.913115e-03 
-1.368482e-03 
-5.254335e-03 
-6.201566e-03 
-8.178053e-03 
-1.101914e-02 
-1.049387e-02 
-1.339839e-02 
-1.322920e-02 
-1.242799e-02 
-1.515580e-02 
-1.480706e-02 
-1.354601e-02 
-1.212621e-02 
-8.822720e-03 
-8.076282e-03 
-7.810572e-03 
-4.169924e-03 
-5.110323e-03 
-1.236907e-02 
-1.234935e-02 
-1.492683e-02 
-1.899534e-02 
-1.420630e-02 
-1.353396e-02 
-1.701486e-02 
-1.667376e-02 
-1.553013e-02 
-1.587442e-02 
-1.729437e-02 
-1.701281e-02 
-1.338613e-02 
-1.371395e-02 
-1.466090e-02 
-1.388633e-02 
-1.495567e-02 
-1.225033e-02 
-1.227044e-02 
-1.081630e-02 
-9.051013e-03 
-8.120571e-03 
-7.079850e-03 
-6.209708e-03 
-7.677836e-03 
-1.204396e-02 
-1.396086e-02 
-1.355879e-02 
-1.667100e-02 
-1.841977e-02 
-1.908442e-02 
-2.027889e-02 
-2.016655e-02 
-2.155986e-02 
-2.211867e-02 
-2.304690e-02 
-2.300091e-02 
-2.021602e-02 
-1.875411e-02 
-1.719429e-02 
-1.400965e-02 
-9.493250e-03 
-6.861837e-03 
-5.407892e-03 
1.224288e-03 
4.793151e-03 
6.602326e-03 
1.135959e-02 
1.152667e-02 
1.279269e-02 
1.213912e-02 
1.128834e-02 
8.479510e-03 
3.612712e-03 
-2.614873e-04 
-1.404899e-03 
-6.718638e-03 
-1.098470e-02 
-1.250560e-02 
-1.800301e-02 
-2.216308e-02 
-2.299319e-02 
-2.508836e-02 
-2.493838e-02 
-2.036238e-02 
-1.971429e-02 
-1.781557e-02 
-1.237051e-02 
-1.111883e-02 
-1.199681e-02 
-9.868347e-03 
-9.328771e-03 
-9.965716e-03 
-7.589961e-03 
-5.621524e-03 
-6.971095e-03 
-6.047820e-03 
-3.219443e-03 
-4.585274e-04 
6.484678e-04 
2.410230e-03 
3.129652e-03 
1.470008e-03 
2.200961e-03 
1.424666e-03 
-9.395269e-04 
-2.274398e-04 
-7.714393e-04 
-3.863673e-03 
-6.528125e-03 
-7.285854e-03 
-7.506618e-03 
-9.688717e-03 
-1.153208e-02 
-1.149878e-02 
-1.048454e-02 
-9.904425e-03 
-8.162830e-03 
-5.936675e-03 
-2.749276e-03 
-2.742114e-04 
8.424715e-04 
1.959233e-04 
-1.172186e-03 
-3.204749e-03 
-5.508913e-03 
-8.189922e-03 
-1.076745e-02 
-1.203083e-02 
-9.979025e-03 
-9.909815e-03 
-8.102915e-03 
-5.818748e-03 
-7.778086e-03 
-5.377070e-03 
-2.822953e-03 
-2.332801e-03 
-1.819395e-03 
-1.842379e-03 
1.690329e-04 
-6.555427e-04 
-7.979224e-04 
1.710999e-03 
1.058726e-03 
4.622302e-05 
1.161363e-03 
3.146818e-03 
2.274164e-03 
1.497395e-03 
2.177658e-03 
2.379541e-03 
1.576575e-03 
-1.742789e-04 
1.144103e-03 
3.651163e-03 
2.454065e-03 
3.148984e-03 
3.726922e-03 
6.836287e-04 
-2.573294e-03 
-2.726128e-03 
-2.716586e-03 
-3.090226e-03 
-4.622078e-03 
-1.103925e-03 
1.499105e-03 
6.167401e-04 
1.836772e-03 
2.016160e-03 
1.356412e-03 
1.898497e-03 
2.280970e-03 
3.721145e-03 
5.709286e-03 
6.507472e-03 
7.624345e-03 
1.085454e-02 
1.261229e-02 
1.420275e-02 
1.645368e-02 
1.699032e-02 
1.522749e-02 
1.462207e-02 
1.653797e-02 
1.523560e-02 
1.461059e-02 
1.721246e-02 
1.722570e-02 
1.869647e-02 
1.914135e-02 
1.793304e-02 
1.836062e-02 
1.897173e-02 
1.880109e-02 
1.985059e-02 
2.217792e-02 
2.192048e-02 
2.054252e-02 
2.121955e-02 
2.182222e-02 
2.152474e-02 
1.899222e-02 
1.690214e-02 
2.087009e-02 
2.190064e-02 
1.918295e-02 
2.062909e-02 
2.396819e-02 
2.218594e-02 
1.831152e-02 
1.709320e-02 
1.573301e-02 
1.399031e-02 
1.020830e-02 
7.509866e-03 
5.198261e-03 
2.313808e-03 
-1.696155e-03 
-6.622958e-03 
-1.040316e-02 
-1.401666e-02 
-1.589158e-02 
-1.461248e-02 
-1.584835e-02 
-1.833463e-02 
-1.718039e-02 
-1.916310e-02 
-2.323930e-02 
-2.513750e-02 
-2.681505e-02 
-2.645166e-02 
-3.142381e-02 
-3.251486e-02 
-2.951125e-02 
-2.932875e-02 
-2.852429e-02 
-2.708565e-02 
-2.587377e-02 
-2.456322e-02 
-2.426522e-02 
-2.392494e-02 
-2.118207e-02 
-1.867885e-02 
-1.574976e-02 
-1.210077e-02 
-8.543942e-03 
-7.089691e-03 
-3.127910e-03 
1.461376e-03 
1.639796e-03 
1.989917e-03 
5.701514e-03 
7.488538e-03 
7.415795e-03 
1.100021e-02 
1.056460e-02 
1.027426e-02 
1.356795e-02 
1.508431e-02 
1.560192e-02 
1.590847e-02 
1.527732e-02 
1.451842e-02 
1.387213e-02 
1.391165e-02 
1.274676e-02 
1.346907e-02 
1.232664e-02 
1.183246e-02 
1.437728e-02 
1.434528e-02 
1.474012e-02 
1.419321e-02 
1.423160e-02 
1.455977e-02 
1.338596e-02 
1.237618e-02 
1.364261e-02 
1.243610e-02 
9.563828e-03 
9.925483e-03 
1.145747e-02 
1.190191e-02 
1.354467e-02 
1.592555e-02 
1.910370e-02 
2.019823e-02 
1.924216e-02 
1.785605e-02 
1.777487e-02 
1.712607e-02 
1.478377e-02 
1.668921e-02 
1.570142e-02 
1.466162e-02 
1.712737e-02 
1.491457e-02 
1.191036e-02 
1.285060e-02 
1.317761e-02 
1.119745e-02 
1.198113e-02 
1.349551e-02 
1.516787e-02 
1.603078e-02 
1.703964e-02 
1.849875e-02 
1.886310e-02 
1.792029e-02 
1.611397e-02 
1.455225e-02 
1.581120e-02 
1.462926e-02 
1.475425e-02 
1.578166e-02 
1.701262e-02 
1.617423e-02 
1.770208e-02 
1.721336e-02 
1.681887e-02 
1.820573e-02 
1.988249e-02 
1.967617e-02 
2.297454e-02 
2.180023e-02 
2.279361e-02 
2.208848e-02 
2.010888e-02 
2.042972e-02 
1.667611e-02 
1.606343e-02 
1.649018e-02 
1.674679e-02 
1.533846e-02 
1.332983e-02 
1.420987e-02 
1.295392e-02 
1.265084e-02 
1.052092e-02 
8.239600e-03 
4.316382e-03 
-1.188140e-03 
-7.149465e-03 
-1.115752e-02 
-1.300527e-02 
-1.538863e-02 
-1.926614e-02 
-2.104209e-02 
-1.863320e-02 
-1.991483e-02 
-2.238388e-02 
-1.899284e-02 
-1.964107e-02 
-2.096729e-02 
-2.026122e-02 
-1.992683e-02 
-1.950535e-02 
-1.779208e-02 
-1.834155e-02 
-1.766670e-02 
-2.070794e-02 
-2.207449e-02 
-2.211916e-02 
-2.438776e-02 
-2.725255e-02 
-2.410491e-02 
-2.141893e-02 
-2.112394e-02 
-1.718426e-02 
-1.242336e-02 
-1.312672e-02 
-1.625080e-02 
-1.636997e-02 
-1.510446e-02 
-1.938471e-02 
-2.025219e-02 
-1.975037e-02 
-1.931840e-02 
-1.922725e-02 
-1.718212e-02 
-1.591623e-02 
-1.515234e-02 
-1.446133e-02 
-1.584625e-02 
-1.671535e-02 
-1.235162e-02 
-1.165140e-02 
-1.430642e-02 
-1.314111e-02 
-9.590780e-03 
-8.778690e-03 
-8.345167e-03 
-7.494008e-03 
-6.833182e-03 
-3.140881e-03 
-4.570329e-03 
-3.624720e-03 
-3.535985e-03 
-3.125792e-03 
-4.483250e-04 
8.450240e-04 
1.489780e-03 
2.964768e-03 
4.559657e-03 
6.597950e-03 
9.709853e-03 
9.082094e-03 
7.677908e-03 
8.065602e-03 
6.307161e-03 
4.184339e-03 
1.713387e-03 
8.708195e-04 
-1.399370e-03 
-3.990123e-04 
-2.077707e-03 
-1.978579e-03 
-1.564895e-03 
-2.012772e-03 
-1.431695e-03 
4.728612e-04 
-1.747189e-04 
1.168295e-03 
6.229100e-04 
-4.032207e-04 
-1.598685e-03 
-8.696924e-04 
-3.136138e-03 
-5.721178e-03 
-7.474954e-03 
-6.385304e-03 
-1.075483e-02 
-1.192522e-02 
-1.284064e-02 
-1.649319e-02 
-1.689546e-02 
-1.694439e-02 
-1.776370e-02 
-2.052300e-02 
-2.182920e-02 
-2.260837e-02 
-2.519408e-02 
-2.773268e-02 
-2.662664e-02 
-2.574096e-02 
-2.687247e-02 
-2.609090e-02 
-2.229473e-02 
-1.916306e-02 
-1.637402e-02 
-1.271643e-02 
-1.213301e-02 
-1.163931e-02 
-1.031452e-02 
-8.452115e-03 
-5.032624e-03 
-3.747999e-03 
-6.659436e-04 
1.131563e-03 
5.964989e-05 
-1.525682e-03 
-2.660503e-03 
-3.255930e-03 
-3.296975e-03 
-2.597785e-03 
-8.075455e-04 
3.189420e-03 
5.266202e-03 
7.153952e-03 
8.996269e-03 
8.541448e-03 
6.876975e-03 
5.596425e-03 
6.214801e-03 
6.110231e-03 
4.348397e-03 
6.382935e-03 
8.883696e-03 
9.218419e-03 
1.119560e-02 
1.396652e-02 
1.533214e-02 
1.659359e-02 
1.620780e-02 
1.873118e-02 
1.955307e-02 
1.925100e-02 
2.305590e-02 
2.575556e-02 
2.630189e-02 
2.987759e-02 
3.178159e-02 
3.061446e-02 
3.020839e-02 
3.132804e-02 
3.044541e-02 
2.902047e-02 
2.799734e-02 
2.358714e-02 
2.117731e-02 
2.069554e-02 
2.108617e-02 
2.236787e-02 
2.398312e-02 
2.472434e-02 
2.574879e-02 
2.574568e-02 
2.510709e-02 
2.569306e-02 
2.441422e-02 
2.377737e-02 
2.339651e-02 
2.109463e-02 
2.145499e-02 
2.092876e-02 
1.812713e-02 
1.863366e-02 
1.989726e-02 
1.908559e-02 
2.024940e-02 
2.098904e-02 
2.134532e-02 
2.198494e-02 
2.113232e-02 
1.808437e-02 
1.765394e-02 
1.700654e-02 
1.209812e-02 
9.452306e-03 
9.465136e-03 
8.678113e-03 
8.048321e-03 
1.050920e-02 
1.211872e-02 
1.426521e-02 
1.522418e-02 
1.377688e-02 
1.374869e-02 
1.262948e-02 
8.789820e-03 
6.083488e-03 
4.292997e-03 
1.616713e-03 
-1.469724e-03 
-4.106148e-03 
-4.784550e-03 
-5.634558e-03 
-5.803228e-03 
-5.572245e-03 
-6.266230e-03 
-8.441023e-03 
-1.010639e-02 
-1.276987e-02 
-1.555527e-02 
-1.407087e-02 
-1.704655e-02 
-1.813772e-02 
-1.824482e-02 
-1.826325e-02 
-1.820726e-02 
-1.823719e-02 
-1.647923e-02 
-1.711855e-02 
-1.747031e-02 
-1.502903e-02 
-1.514505e-02 
-1.477217e-02 
-1.712372e-02 
-1.858269e-02 
-1.704221e-02 
-1.771502e-02 
-1.395538e-02 
-1.211168e-02 
-1.032831e-02 
-7.565100e-03 
-7.699829e-03 
-9.176090e-03 
-1.003760e-02 
-9.008947e-03 
-1.034541e-02 
-9.903469e-03 
-6.382621e-03 
-3.357832e-03 
-4.010429e-03 
-5.335574e-04 
-8.910010e-05 
-3.319609e-03 
-5.897451e-03 
-3.702564e-03 
-7.551362e-03 
-8.361074e-03 
-5.481339e-03 
-3.765834e-03 
-3.668954e-03 
-3.299218e-03 
-4.001591e-03 
-3.686458e-03 
-4.541371e-03 
-8.856984e-03 
-8.021808e-03 
-6.586976e-03 
-9.551539e-03 
-8.367902e-03 
-5.098430e-03 
-5.357016e-03 
-6.569934e-03 
-4.147102e-03 
-3.967732e-03 
-2.864463e-03 
-3.594623e-03 
-4.638988e-03 
-4.446923e-03 
3.691172e-04 
2.324325e-03 
2.415216e-03 
6.289667e-03 
7.140288e-03 
3.548144e-03 
3.391387e-03 
3.662751e-03 
-1.139489e-03 
-1.632007e-03 
1.417882e-04 
-3.183219e-03 
-4.216544e-03 
-1.327208e-03 
-1.814912e-03 
-4.865512e-03 
-3.402425e-03 
-3.759762e-03 
-5.644560e-03 
-4.402171e-03 
-2.945719e-03 
-1.394044e-03 
-4.848309e-04 
6.309050e-04 
2.124451e-03 
9.537604e-04 
-7.232511e-04 
-4.265245e-04 
-6.190931e-04 
-3.348063e-03 
-4.391887e-03 
-5.265530e-03 
-6.749058e-03 
-5.081013e-03 
-5.407525e-03 
-4.658486e-03 
-4.058614e-03 
-5.186258e-03 
-5.089855e-03 
-6.191642e-03 
-9.931113e-03 
-1.293991e-02 
-1.456091e-02 
-1.717170e-02 
-2.033229e-02 
-2.141740e-02 
-2.196742e-02 
-2.080199e-02 
-2.007428e-02 
-2.028874e-02 
-1.780529e-02 
-1.647102e-02 
-1.801617e-02 
-2.029017e-02 
-2.090265e-02 
-1.945782e-02 
-1.902271e-02 
-1.795092e-02 
-1.606836e-02 
-1.331561e-02 
-1.253140e-02 
-1.428831e-02 
-1.575641e-02 
-1.480164e-02 
-1.749394e-02 
-1.803985e-02 
-1.787762e-02 
-1.854723e-02 
-1.818649e-02 
-1.856952e-02 
-2.065930e-02 
-2.034018e-02 
-1.914770e-02 
-1.960445e-02 
-1.794707e-02 
-1.551464e-02 
-1.536415e-02 
-1.668323e-02 
-1.647567e-02 
-1.562904e-02 
-1.525033e-02 
-1.325850e-02 
-1.131175e-02 
-8.362112e-03 
-6.138721e-03 
-6.036328e-03 
-5.106508e-03 
-5.132164e-03 
-5.635438e-03 
-7.382533e-03 
-8.307462e-03 
-6.911439e-03 
-6.144665e-03 
-4.556821e-03 
-3.445253e-03 
-2.466021e-03 
-2.405253e-03 
-5.103425e-03 
-4.194961e-03 
-4.945399e-03 
-3.793226e-03 
-1.873644e-03 
-3.066293e-03 
-4.325918e-04 
2.785201e-03 
2.076611e-03 
3.972867e-03 
4.130697e-03 
5.087980e-03 
3.445034e-03 
2.260380e-03 
2.853208e-03 
7.529398e-04 
-1.026264e-03 
-6.851728e-04 
2.484779e-04 
-4.253160e-04 
-9.004799e-04 
-7.056886e-04 
-2.215818e-03 
-1.068497e-03 
6.545373e-04 
-9.808360e-04 
4.542633e-04 
1.608165e-03 
1.834822e-03 
2.380165e-03 
1.660818e-03 
1.882295e-03 
2.099093e-03 
-2.461543e-05 
-1.722506e-03 
-2.979097e-04 
2.587138e-04 
-5.740935e-04 
1.286444e-03 
3.378131e-03 
3.993013e-03 
4.966951e-03 
4.206528e-03 
1.731368e-03 
4.298052e-04 
-1.615622e-03 
-5.208494e-04 
-2.070701e-03 
-4.306232e-03 
-3.026140e-03 
-2.611528e-03 
-3.098324e-03 
-1.067413e-03 
8.100740e-04 
1.892837e-03 
2.953186e-03 
4.542668e-03 
5.167422e-03 
4.137322e-03 
4.491409e-03 
5.121436e-03 
4.971899e-03 
4.825688e-03 
4.198268e-03 
2.519510e-03 
4.751874e-03 
5.418072e-03 
3.351281e-03 
5.425160e-03 
5.137363e-03 
4.424360e-03 
4.856838e-03 
5.074818e-03 
7.288617e-03 
1.291342e-02 
1.921891e-02 
2.153766e-02 
2.105740e-02 
2.190513e-02 
2.193346e-02 
2.107786e-02 
1.611848e-02 
1.269013e-02 
1.382850e-02 
1.133136e-02 
9.690633e-03 
1.155381e-02 
1.093805e-02 
9.997576e-03 
1.047545e-02 
1.252174e-02 
1.214514e-02 
1.097649e-02 
1.197825e-02 
1.604271e-02 
1.496328e-02 
8.955416e-03 
1.070384e-02 
1.332072e-02 
9.415295e-03 
7.640267e-03 
9.352602e-03 
7.228071e-03 
5.137628e-03 
6.747249e-03 
7.092614e-03 
6.795290e-03 
9.215118e-03 
9.192754e-03 
5.611386e-03 
7.912419e-03 
1.097708e-02 
9.354370e-03 
1.044621e-02 
1.195168e-02 
1.481157e-02 
1.344887e-02 
1.411981e-02 
1.436455e-02 
1.431133e-02 
1.435805e-02 
1.449013e-02 
1.446665e-02 
1.437922e-02 
1.272603e-02 
1.068262e-02 
9.993737e-03 
1.050471e-02 
7.753889e-03 
4.613795e-03 
4.894683e-03 
3.731188e-03 
3.153936e-03 
3.983002e-03 
3.448635e-03 
2.776178e-03 
1.209134e-03 
1.350662e-03 
4.913770e-04 
-2.081503e-03 
-4.841889e-03 
-4.141613e-03 
-4.941151e-03 
-7.186032e-03 
-6.235474e-03 
-5.773723e-03 
-6.586014e-03 
-6.255960e-03 
-3.769794e-03 
-2.244647e-03 
-1.936216e-03 
-6.051767e-03 
-1.469623e-02 
-1.644167e-02 
-2.031937e-02 
-2.246400e-02 
-1.788956e-02 
-1.554594e-02 
-1.851398e-02 
-1.575148e-02 
-1.416299e-02 
-1.258449e-02 
-1.429786e-02 
-1.182650e-02 
-8.662840e-03 
-1.259443e-02 
-1.529445e-02 
-1.336556e-02 
-1.370193e-02 
-1.695490e-02 
-1.472931e-02 
-9.653657e-03 
-9.441910e-03 
-1.031339e-02 
-8.052821e-03 
-7.564691e-03 
-8.454029e-03 
-6.078240e-03 
-5.654926e-03 
-5.167188e-03 
-4.944688e-03 
-7.629819e-03 
-9.135710e-03 
-9.436266e-03 
-1.084061e-02 
-1.294427e-02 
-1.413933e-02 
-1.513814e-02 
-1.633306e-02 
-1.522290e-02 
-1.252183e-02 
-9.479175e-03 
-7.349362e-03 
-5.123181e-03 
-2.214655e-03 
-3.072618e-04 
-2.423031e-03 
-6.259887e-03 
-3.953769e-03 
-3.687789e-03 
-2.970353e-03 
1.264689e-03 
1.896181e-03 
5.481687e-03 
9.384168e-03 
1.061107e-02 
1.329975e-02 
1.473483e-02 
1.528236e-02 
1.491808e-02 
1.096820e-02 
7.897998e-03 
6.628017e-03 
4.056278e-03 
1.305640e-03 
2.379428e-03 
1.167202e-03 
-1.950882e-03 
-9.042354e-04 
1.075376e-04 
-8.994232e-04 
-1.016386e-03 
1.339719e-03 
3.114166e-03 
3.875837e-03 
9.007531e-03 
1.229753e-02 
1.314086e-02 
1.627076e-02 
1.974185e-02 
2.212567e-02 
2.244939e-02 
2.157527e-02 
2.205036e-02 
2.271967e-02 
2.055831e-02 
1.675313e-02 
1.666467e-02 
1.665513e-02 
1.399038e-02 
1.430950e-02 
1.706718e-02 
1.985432e-02 
1.890792e-02 
1.690572e-02 
1.822249e-02 
1.902598e-02 
1.857851e-02 
2.008122e-02 
2.061019e-02 
1.763701e-02 
1.748425e-02 
1.616925e-02 
1.155179e-02 
9.417675e-03 
1.084737e-02 
1.024639e-02 
8.313244e-03 
1.084518e-02 
1.465172e-02 
1.519941e-02 
1.326926e-02 
1.161739e-02 
7.496806e-03 
4.319562e-03 
2.102165e-03 
1.996249e-03 
4.314727e-04 
-1.860672e-03 
1.563528e-03 
1.763297e-03 
9.979621e-04 
3.537120e-03 
3.517111e-03 
3.838954e-03 
4.929347e-03 
4.019367e-03 
5.237486e-03 
8.322599e-03 
8.894432e-03 
7.971176e-03 
7.771391e-03 
9.669891e-03 
1.211176e-02 
1.273952e-02 
1.356387e-02 
1.530068e-02 
1.678624e-02 
1.794178e-02 
1.806576e-02 
1.616561e-02 
1.437560e-02 
1.270928e-02 
8.849519e-03 
6.299007e-03 
6.388596e-03 
2.918283e-03 
2.428256e-03 
4.038059e-03 
4.636462e-03 
7.312975e-03 
4.911924e-03 
4.798842e-03 
8.460637e-03 
9.364089e-03 
7.884083e-03 
1.021057e-02 
1.261863e-02 
1.276638e-02 
1.148861e-02 
9.544771e-03 
6.466689e-03 
4.136009e-03 
4.101574e-03 
3.385216e-03 
3.036929e-03 
3.234316e-03 
2.782058e-03 
9.481507e-04 
8.702205e-04 
4.406322e-04 
-1.952254e-03 
-3.079137e-03 
-2.422703e-03 
-3.508409e-03 
-4.669640e-03 
-3.595953e-03 
-3.684845e-03 
-1.797351e-03 
5.432480e-04 
-9.148823e-04 
2.426905e-03 
4.620058e-03 
4.120833e-03 
6.566746e-03 
4.564482e-03 
1.853758e-03 
1.802529e-03 
4.887944e-04 
-3.896220e-03 
-5.102517e-03 
-2.711235e-03 
-5.109223e-03 
-5.584895e-03 
-4.693103e-03 
-5.087513e-03 
-4.498768e-03 
-7.648889e-04 
-2.040997e-03 
-1.727183e-03 
-9.142839e-04 
-1.171115e-03 
8.770592e-04 
8.981622e-04 
1.843888e-03 
4.076311e-03 
3.008936e-03 
2.238971e-03 
3.199378e-03 
3.394072e-03 
1.449649e-03 
1.028193e-03 
7.937943e-04 
-1.649585e-03 
-2.932409e-03 
-3.440300e-03 
-4.816642e-03 
-5.589442e-03 
-4.454973e-03 
-4.669000e-03 
-4.198895e-03 
-3.085798e-03 
-5.488952e-03 
-6.543069e-03 
-5.267744e-03 
-7.114309e-03 
-6.599700e-03 
-6.795885e-03 
-9.786161e-03 
-1.018048e-02 
-8.365758e-03 
-8.294856e-03 
-7.125503e-03 
-5.097680e-03 
-2.220650e-03 
-2.233468e-03 
-3.280381e-03 
-1.244873e-03 
-3.391456e-03 
-5.366730e-03 
-3.320640e-03 
-3.120561e-03 
-6.076495e-03 
-5.865786e-03 
-4.405588e-03 
-5.074231e-03 
-5.552864e-03 
-4.913111e-03 
-1.341313e-03 
-3.752118e-03 
-5.971776e-03 
-5.272320e-03 
-2.839235e-03 
-9.971394e-04 
-2.972503e-03 
-3.653018e-03 
-2.439020e-03 
-2.281806e-03 
-1.032823e-03 
-5.926692e-04 
-1.864713e-03 
-3.207028e-03 
-4.583157e-03 
-3.850105e-03 
-6.348014e-03 
-7.968950e-03 
-7.230098e-03 
-8.117996e-03 
-9.479676e-03 
-9.831083e-03 
-8.913249e-03 
-1.087521e-02 
-1.158634e-02 
-1.017485e-02 
-1.044612e-02 
-9.858045e-03 
-8.631549e-03 
-1.101526e-02 
-1.217030e-02 
-1.017109e-02 
-1.023948e-02 
-1.226376e-02 
-1.322945e-02 
-1.399683e-02 
-1.625245e-02 
-1.544445e-02 
-1.639751e-02 
-1.621388e-02 
-1.613532e-02 
-1.719361e-02 
-1.896025e-02 
-1.890584e-02 
-2.348081e-02 
-2.503940e-02 
-2.220200e-02 
-2.468380e-02 
-2.435267e-02 
-2.111711e-02 
-2.111072e-02 
-2.242796e-02 
-2.019731e-02 
-2.059547e-02 
-2.120517e-02 
-2.065347e-02 
-2.050124e-02 
-2.025692e-02 
-1.846758e-02 
-1.876170e-02 
-1.728930e-02 
-1.561185e-02 
-1.693807e-02 
-1.722918e-02 
-1.633443e-02 
-1.584888e-02 
-1.387610e-02 
-1.283253e-02 
-1.357334e-02 
-1.023175e-02 
-1.012015e-02 
-9.954399e-03 
-7.670213e-03 
-1.019932e-02 
-1.083100e-02 
-9.210107e-03 
-1.320493e-02 
-1.342616e-02 
-1.074664e-02 
-9.945045e-03 
-1.107715e-02 
-1.157656e-02 
-8.982691e-03 
-9.004149e-03 
-1.043570e-02 
-1.170472e-02 
-1.128336e-02 
-1.021149e-02 
-1.083747e-02 
-1.118951e-02 
-9.320056e-03 
-8.836933e-03 
-8.635659e-03 
-7.880898e-03 
-8.643195e-03 
-8.440334e-03 
-6.389966e-03 
-6.063070e-03 
-5.876091e-03 
-5.070768e-03 
-5.804987e-03 
-4.023920e-03 
-3.207845e-03 
-4.676844e-03 
-6.048947e-03 
-5.798474e-03 
-2.968535e-03 
-1.534052e-03 
-1.193409e-03 
1.821089e-04 
9.431830e-05 
-1.803096e-03 
-3.407308e-03 
-3.980405e-03 
-6.298481e-03 
-1.008563e-02 
-1.115297e-02 
-1.121360e-02 
-1.211813e-02 
-1.181403e-02 
-1.086103e-02 
-8.995994e-03 
-7.916147e-03 
-5.735855e-03 
-2.118553e-03 
3.495449e-04 
1.459553e-03 
2.123586e-03 
4.131896e-03 
5.944592e-03 
6.042235e-03 
5.180186e-03 
5.177169e-03 
5.558353e-03 
5.815778e-03 
5.600779e-03 
5.628506e-03 
5.555814e-03 
5.498371e-03 
5.595577e-03 
5.596800e-03 
5.688413e-03 
5.858868e-03 
7.801423e-03 
9.441510e-03 
8.097311e-03 
7.538383e-03 
8.522230e-03 
8.502000e-03 
6.361597e-03 
6.440792e-03 
5.482405e-03 
1.890781e-03 
6.605090e-03 
8.009412e-03 
4.706889e-03 
9.042578e-03 
9.852579e-03 
7.088728e-03 
8.365608e-03 
1.292336e-02 
1.201768e-02 
9.978278e-03 
1.516459e-02 
1.747947e-02 
1.632601e-02 
1.803686e-02 
1.996961e-02 
1.942696e-02 
2.050253e-02 
1.964226e-02 
1.843779e-02 
1.840087e-02 
1.803470e-02 
1.701978e-02 
1.623572e-02 
1.572278e-02 
1.667650e-02 
1.626849e-02 
1.438902e-02 
1.395033e-02 
1.384805e-02 
1.455271e-02 
1.260292e-02 
1.343452e-02 
1.371095e-02 
1.332551e-02 
1.480204e-02 
1.382974e-02 
1.359688e-02 
1.412383e-02 
1.419098e-02 
1.720968e-02 
1.969939e-02 
2.084177e-02 
2.266235e-02 
2.504703e-02 
2.540755e-02 
2.370194e-02 
2.135225e-02 
1.965935e-02 
1.824822e-02 
1.452964e-02 
8.527828e-03 
5.539373e-03 
5.403019e-03 
3.400203e-03 
1.412263e-04 
2.933876e-03 
5.611599e-03 
2.041970e-03 
5.011457e-03 
5.581717e-03 
7.016993e-04 
-1.306886e-03 
7.311607e-05 
-1.086212e-04 
-3.513944e-03 
-3.081099e-03 
-1.542867e-03 
8.536544e-04 
4.391292e-03 
2.857612e-03 
9.741986e-04 
2.596827e-03 
3.437077e-05 
-3.101254e-03 
-2.435852e-03 
-1.893397e-03 
-2.091184e-03 
5.603224e-04 
1.325670e-03 
3.838965e-04 
-1.895824e-04 
-2.556720e-03 
-4.897721e-03 
-6.012461e-03 
-4.546216e-03 
-4.474279e-03 
-5.652180e-03 
-2.431204e-03 
-2.993413e-03 
-7.780109e-03 
-6.259853e-03 
-7.429961e-03 
-1.103270e-02 
-1.104067e-02 
-1.368987e-02 
-1.456963e-02 
-1.581567e-02 
-1.743593e-02 
-1.568689e-02 
-1.597412e-02 
-1.355271e-02 
-9.229392e-03 
-7.692533e-03 
-5.607914e-03 
9.647110e-04 
4.641250e-03 
4.453718e-03 
7.966364e-03 
1.194603e-02 
1.092373e-02 
6.071551e-03 
1.812376e-03 
6.673353e-04 
-4.983127e-04 
-2.575332e-03 
-2.061890e-03 
1.532771e-03 
1.361204e-03 
-1.606236e-03 
-3.854383e-03 
-3.574574e-03 
-3.026886e-03 
-6.061255e-03 
-9.273375e-03 
-8.683629e-03 
-6.746137e-03 
-7.924457e-03 
-5.471137e-03 
-4.157864e-03 
-3.374145e-03 
1.213145e-03 
4.908211e-04 
1.476472e-03 
3.824180e-03 
2.032420e-03 
2.182566e-03 
3.224476e-03 
6.196360e-03 
6.693919e-03 
4.225868e-03 
4.905671e-03 
2.740044e-03 
-4.258253e-05 
2.306144e-04 
-2.613525e-03 
-3.487241e-03 
-3.012406e-03 
-2.586719e-03 
-1.395352e-04 
4.702845e-04 
1.168561e-03 
2.999926e-03 
2.876821e-03 
1.978241e-03 
2.755955e-03 
6.302646e-03 
6.800329e-03 
4.160848e-03 
5.025674e-03 
9.337363e-03 
9.725452e-03 
6.900575e-03 
1.105717e-02 
1.295918e-02 
9.848441e-03 
1.034080e-02 
1.159262e-02 
9.576294e-03 
7.180782e-03 
5.054485e-03 
5.299784e-03 
6.993726e-03 
5.980666e-03 
8.468080e-03 
9.682648e-03 
8.618474e-03 
8.037566e-03 
7.457693e-03 
5.416589e-03 
2.896203e-03 
3.074240e-03 
1.679261e-04 
-7.705419e-04 
-1.928072e-03 
-3.537806e-03 
-1.815365e-03 
-2.174445e-03 
-3.188810e-03 
-2.886672e-03 
-2.617985e-03 
-6.150761e-03 
-8.679708e-03 
-9.474530e-03 
-1.131752e-02 
-1.387378e-02 
-1.410780e-02 
-9.126570e-03 
-7.584089e-03 
-5.862455e-03 
-3.256558e-03 
-1.881472e-03 
2.746056e-04 
-4.768678e-04 
-9.861324e-04 
8.170303e-06 
-1.405383e-03 
-3.621252e-03 
-2.718849e-03 
-5.119440e-03 
-6.926779e-03 
-8.209997e-03 
-8.707848e-03 
-1.040129e-02 
-1.206321e-02 
-1.006661e-02 
-1.042870e-02 
-1.176208e-02 
-1.520147e-02 
-1.449810e-02 
-1.235227e-02 
-1.358315e-02 
-1.432238e-02 
-1.383993e-02 
-1.337509e-02 
-9.531955e-03 
-6.088974e-03 
-4.907175e-03 
-4.734829e-03 
-7.333192e-03 
-8.777499e-03 
-8.611748e-03 
-9.764398e-03 
-1.156729e-02 
-1.095242e-02 
-1.033097e-02 
-1.115019e-02 
-1.102316e-02 
-7.082396e-03 
-7.542338e-03 
-9.899449e-03 
-9.048119e-03 
-1.191149e-02 
-1.159593e-02 
-5.727952e-03 
-4.989479e-03 
-4.000550e-03 
1.822038e-03 
4.244648e-03 
5.012277e-03 
4.560186e-03 
4.106011e-03 
1.925769e-03 
-1.647003e-03 
-9.367746e-05 
1.727278e-03 
4.639046e-05 
-5.858650e-04 
3.125956e-03 
4.021260e-03 
4.507967e-03 
6.084124e-03 
7.777140e-03 
8.781475e-03 
6.934676e-03 
7.558340e-03 
8.422320e-03 
8.118828e-03 
7.965697e-03 
9.696656e-03 
8.481831e-03 
6.706728e-03 
8.412748e-03 
8.683557e-03 
1.108308e-02 
1.197114e-02 
1.285840e-02 
1.430054e-02 
1.414976e-02 
1.487239e-02 
1.287772e-02 
1.264948e-02 
1.098687e-02 
6.436172e-03 
7.660675e-03 
6.688186e-03 
7.465887e-03 
1.015674e-02 
1.057417e-02 
1.431374e-02 
1.377450e-02 
1.161287e-02 
9.788618e-03 
9.797307e-03 
8.804186e-03 
7.199153e-03 
8.873986e-03 
8.611951e-03 
1.087531e-02 
1.183221e-02 
9.540662e-03 
1.331010e-02 
1.185244e-02 
8.084751e-03 
1.122088e-02 
9.410615e-03 
5.832705e-03 
8.641381e-03 
1.139032e-02 
1.205767e-02 
9.408395e-03 
8.651741e-03 
7.606392e-03 
5.271412e-03 
2.978843e-03 
1.695829e-03 
-3.174091e-03 
-7.204252e-03 
-8.043009e-03 
-8.484214e-03 
-7.586492e-03 
-6.099503e-03 
-3.621305e-03 
-3.884665e-03 
-3.873295e-03 
-1.622415e-03 
3.217213e-03 
2.899913e-03 
2.557042e-03 
8.281104e-03 
1.122008e-02 
1.372261e-02 
1.873675e-02 
2.164504e-02 
2.306225e-02 
2.632648e-02 
2.963071e-02 
2.992731e-02 
2.796216e-02 
2.544010e-02 
1.865318e-02 
1.201513e-02 
5.899397e-03 
8.246839e-04 
-3.839615e-03 
-6.540797e-03 
-2.207663e-03 
1.773960e-03 
2.846536e-03 
6.830411e-03 
1.022165e-02 
9.356499e-03 
5.659837e-03 
3.883276e-03 
5.124232e-03 
2.726866e-03 
3.779695e-04 
2.623170e-03 
2.323872e-03 
1.632302e-04 
-2.282223e-03 
-4.974581e-03 
-5.901499e-03 
-7.101179e-03 
-5.769084e-03 
-4.678626e-03 
-8.149811e-04 
1.394701e-03 
3.275663e-03 
4.988333e-03 
2.296584e-03 
-3.941723e-04 
-2.596344e-03 
-4.595108e-03 
-7.792673e-03 
-1.117381e-02 
-9.161297e-03 
-1.275603e-02 
-1.209075e-02 
-1.274180e-02 
-1.777113e-02 
-1.843744e-02 
-1.946460e-02 
-1.734682e-02 
-1.443417e-02 
-1.130418e-02 
-6.324627e-03 
-1.244942e-04 
4.733715e-03 
9.025285e-03 
1.021852e-02 
7.648136e-03 
7.520020e-03 
5.933657e-03 
8.331515e-03 
7.094390e-03 
2.209907e-03 
5.013043e-03 
4.664315e-03 
-2.028248e-03 
-4.799224e-03 
-7.480108e-03 
-9.583205e-03 
-1.161347e-02 
-1.165607e-02 
-1.114343e-02 
-1.120656e-02 
-9.229152e-03 
-7.265108e-03 
-5.532506e-03 
-6.382905e-03 
-2.167425e-03 
-1.409707e-03 
-1.466705e-03 
-1.742912e-03 
-2.396251e-03 
-5.946690e-03 
-7.071479e-03 
-8.928402e-03 
-9.733736e-03 
-8.532099e-03 
-8.923693e-03 
-9.790858e-03 
-9.657486e-03 
-9.477501e-03 
-9.697466e-03 
-9.240211e-03 
-6.910726e-03 
-5.959240e-03 
-7.120618e-03 
-5.047131e-03 
-2.195502e-03 
-1.364374e-04 
-1.188964e-03 
1.865263e-03 
1.712827e-03 
3.561854e-04 
1.323137e-03 
1.806829e-03 
1.442526e-03 
1.383049e-03 
1.542727e-03 
1.627679e-03 
1.407445e-03 
1.424918e-03 
1.540454e-03 
6.150018e-04 
-2.971980e-03 
-1.233883e-03 
2.130888e-04 
-1.238394e-03 
-1.609485e-03 
-1.109904e-03 
-1.113747e-03 
-1.264815e-03 
-1.224444e-03 
-1.185596e-03 
-1.207601e-03 
-7.715899e-04 
1.474082e-03 
2.473308e-03 
9.282633e-04 
8.776649e-04 
1.786647e-03 
1.760970e-03 
6.329962e-04 
-3.769322e-03 
-5.704558e-03 
-3.092712e-03 
-5.232932e-03 
-8.030204e-03 
-6.426511e-03 
-5.883201e-03 
-6.926421e-03 
-7.013864e-03 
-6.252799e-03 
-4.065368e-03 
-3.151810e-03 
-4.654862e-03 
-5.573091e-03 
-8.299950e-03 
-6.865837e-03 
-5.993328e-03 
-9.499281e-03 
-1.091043e-02 
-8.932679e-03 
-9.299656e-03 
-1.257980e-02 
-1.352180e-02 
-1.080832e-02 
-7.255349e-03 
-9.819649e-03 
-1.035644e-02 
-5.119250e-03 
-6.404350e-03 
-8.566676e-03 
-7.087979e-03 
-6.452638e-03 
-6.999015e-03 
-6.935111e-03 
-6.799503e-03 
-6.437695e-03 
-4.203682e-03 
-3.164411e-03 
-5.596075e-03 
-9.684645e-03 
-9.857995e-03 
-1.161926e-02 
-1.359930e-02 
-1.594174e-02 
-1.463455e-02 
-1.302777e-02 
-9.921093e-03 
-7.420538e-03 
-5.538050e-03 
-2.731004e-03 
7.009124e-04 
4.666836e-03 
4.006054e-03 
1.619493e-03 
-9.507532e-04 
-1.186937e-03 
-3.379075e-03 
-5.213329e-03 
-8.333863e-03 
-1.071189e-02 
-8.539578e-03 
-8.292859e-03 
-9.884970e-03 
-9.036297e-03 
-5.000959e-03 
-5.837171e-03 
-3.102129e-03 
4.042148e-04 
-2.214465e-03 
-3.886248e-03 
-5.628667e-03 
-3.867327e-03 
-2.947262e-03 
-4.260519e-03 
-4.558569e-03 
-3.381990e-03 
2.433564e-04 
-1.415837e-03 
-2.955778e-03 
-1.675677e-03 
-1.228766e-03 
-1.787430e-03 
-1.793069e-03 
-7.152229e-04 
2.806696e-03 
1.131278e-03 
-4.596794e-04 
1.001438e-03 
1.024971e-03 
-1.771166e-03 
-3.360498e-03 
-3.827669e-03 
-4.752850e-03 
-4.207624e-03 
-4.149519e-03 
-4.913786e-03 
-4.049240e-03 
-3.539237e-04 
-1.967413e-03 
-2.587977e-03 
2.381742e-03 
1.209615e-03 
-7.643383e-04 
5.860847e-04 
1.034715e-03 
-3.075949e-04 
-3.890117e-03 
-2.208656e-03 
-8.768025e-04 
-3.126675e-03 
-6.693359e-03 
-2.725470e-03 
-1.172469e-04 
-4.651707e-03 
-3.093603e-03 
-9.174473e-04 
-2.421757e-03 
-5.692846e-04 
1.453595e-03 
-1.872239e-03 
-4.163722e-03 
-1.981869e-03 
-1.553873e-03 
-6.116885e-03 
-3.850621e-03 
1.924147e-04 
-1.865730e-03 
3.360924e-04 
1.255435e-03 
-6.255078e-04 
7.620521e-05 
4.991937e-04 
-3.504641e-03 
-3.195234e-03 
-7.791374e-04 
-1.939961e-03 
-2.300109e-03 
1.895031e-03 
3.519203e-03 
2.790367e-03 
2.598933e-03 
2.858598e-03 
3.365543e-03 
3.393437e-03 
3.272024e-03 
3.117154e-03 
1.491967e-03 
3.548342e-03 
4.447999e-03 
3.080812e-03 
6.956606e-03 
7.483074e-03 
8.527766e-03 
7.099241e-03 
4.222263e-03 
5.819812e-03 
3.258307e-03 
2.201003e-03 
1.715112e-04 
-3.714512e-03 
-1.785072e-03 
-4.119808e-04 
-2.192035e-03 
-2.441593e-03 
1.543859e-04 
1.749784e-03 
5.626111e-04 
3.729468e-03 
4.167255e-03 
2.038834e-03 
3.013098e-03 
3.930254e-03 
3.491234e-03 
3.271715e-03 
3.479781e-03 
3.869323e-03 
7.475992e-03 
7.020026e-03 
4.766280e-03 
5.950127e-03 
6.546002e-03 
3.922774e-03 
2.213089e-03 
3.856603e-03 
4.293557e-03 
1.060539e-03 
-7.284144e-04 
1.088608e-03 
1.577493e-03 
4.686145e-04 
4.951901e-04 
1.157320e-03 
4.571327e-03 
4.076715e-03 
1.950611e-03 
3.100583e-03 
3.843154e-03 
3.384449e-03 
3.271766e-03 
3.443043e-03 
3.438511e-03 
3.389030e-03 
3.405428e-03 
3.419712e-03 
3.413960e-03 
3.400966e-03 
3.274464e-03 
3.292662e-03 
3.553245e-03 
5.349799e-03 
5.268944e-03 
5.987706e-03 
6.355527e-03 
5.608482e-03 
5.951256e-03 
6.156615e-03 
6.035455e-03 
6.171583e-03 
6.045522e-03 
5.959442e-03 
6.081594e-03 
6.077194e-03 
6.032783e-03 
6.045132e-03 
6.058637e-03 
6.054362e-03 
6.053717e-03 
6.414857e-03 
9.912243e-03 
7.789795e-03 
7.586145e-03 
9.681803e-03 
8.907344e-03 
1.033242e-02 
1.063014e-02 
9.409947e-03 
7.922854e-03 
6.530649e-03 
5.621810e-03 
4.359320e-03 
2.963264e-03 
1.543505e-03 
4.598674e-04 
2.934111e-03 
2.971713e-03 
9.068499e-04 
-4.164092e-04 
4.088103e-04 
1.283757e-03 
7.063265e-04 
5.887110e-04 
2.773898e-03 
4.447648e-03 
3.024655e-03 
2.479596e-03 
3.310664e-03 
1.448226e-03 
-4.620345e-04 
5.826746e-04 
-2.459669e-03 
-2.833689e-03 
1.285025e-03 
2.019301e-03 
-1.628362e-04 
-3.131148e-04 
8.327566e-04 
8.309845e-04 
5.203504e-04 
9.573798e-04 
4.709879e-03 
4.203113e-03 
1.916795e-03 
3.124627e-03 
3.916453e-03 
3.430904e-03 
3.310009e-03 
3.493444e-03 
3.048084e-03 
7.588285e-04 
-2.214472e-04 
1.337318e-03 
1.383653e-03 
4.765883e-04 
5.113049e-04 
7.601438e-04 
6.919790e-04 
6.353963e-04 
6.722922e-04 
1.124617e-03 
3.349719e-03 
4.349934e-03 
2.812676e-03 
2.762681e-03 
3.226653e-03 
1.816910e-03 
4.064363e-03 
4.273970e-03 
2.886827e-03 
3.233175e-03 
4.124797e-03 
5.088995e-03 
2.476638e-03 
3.049632e-03 
2.765048e-03 
-1.319895e-03 
1.107899e-03 
1.363551e-03 
-2.656981e-03 
-2.479337e-03 
2.187335e-03 
2.068395e-03 
-6.043741e-04 
1.049166e-04 
1.149949e-03 
8.032779e-04 
5.810142e-04 
7.509105e-04 
-6.317070e-04 
-4.187786e-03 
-1.512568e-03 
-1.553153e-03 
-5.387665e-03 
-5.907008e-03 
-3.787067e-03 
-4.266594e-03 
-5.195013e-03 
-4.938991e-03 
-4.723451e-03 
-4.851261e-03 
-4.883243e-03 
-4.865773e-03 
-7.200648e-03 
-9.352353e-03 
-6.617226e-03 
-4.279470e-03 
-3.454152e-03 
-3.650914e-03 
-1.145776e-03 
-2.611199e-03 
-1.693217e-03 
-7.411086e-04 
-3.171596e-03 
-2.124017e-03 
-1.373465e-03 
-2.050362e-03 
-2.190304e-03 
-1.936092e-03 
-7.795166e-04 
2.398835e-04 
1.003229e-04 
2.374464e-03 
3.928877e-03 
3.784813e-03 
4.298733e-03 
7.017631e-03 
6.862301e-03 
5.622618e-03 
3.042068e-03 
2.669634e-03 
3.484704e-03 
2.272770e-03 
9.704511e-04 
5.895033e-04 
1.551173e-03 
-4.546517e-04 
-2.922384e-03 
-1.816874e-03 
-7.470808e-04 
-1.729661e-03 
-2.104662e-03 
-1.887496e-03 
-1.881120e-03 
-1.778571e-03 
-1.758060e-03 
-1.861454e-03 
-1.833848e-03 
-1.790894e-03 
-1.803315e-03 
-1.810544e-03 
-1.801683e-03 
-1.762172e-03 
-1.444531e-04 
2.785415e-04 
5.651042e-04 
1.197476e-03 
4.992694e-04 
6.818940e-04 
1.071149e-03 
1.002282e-03 
2.564403e-03 
4.714009e-03 
3.703752e-03 
2.628115e-03 
3.476073e-04 
-6.141837e-05 
2.143381e-03 
1.363357e-03 
4.055924e-04 
-2.474116e-03 
-3.063395e-03 
-4.966001e-04 
-2.834047e-03 
-5.931034e-03 
-4.600965e-03 
-3.340480e-03 
-2.773521e-03 
-1.182399e-03 
-1.672261e-03 
5.121767e-04 
3.640250e-03 
3.457388e-03 
2.974699e-03 
4.552834e-03 
3.963202e-03 
2.391913e-03 
3.873217e-03 
4.048810e-03 
3.370442e-03 
3.447282e-03 
5.245545e-03 
7.329002e-03 
5.869290e-03 
3.322635e-03 
2.293587e-03 
3.850561e-03 
2.785545e-03 
-5.025616e-04 
5.876351e-04 
1.858255e-03 
7.657060e-04 
4.149386e-04 
2.502538e-03 
4.675297e-03 
3.087611e-03 
2.214237e-03 
3.389469e-03 
3.589344e-03 
3.188046e-03 
3.197595e-03 
3.305323e-03 
3.039541e-03 
-4.874555e-04 
-1.101404e-04 
2.071185e-03 
9.597064e-04 
1.811882e-04 
6.697287e-04 
2.686310e-03 
4.078669e-03 
3.073676e-03 
6.000954e-03 
6.459352e-03 
4.444381e-03 
5.077493e-03 
3.939263e-03 
2.061182e-03 
2.839390e-03 
-2.543617e-04 
-4.122878e-03 
-1.778903e-03 
-4.923564e-04 
-2.325801e-03 
-2.701343e-03 
-2.073135e-03 
-5.703191e-04 
-2.558410e-03 
-3.364203e-03 
-1.766629e-03 
-1.956632e-03 
-2.532284e-03 
-2.361145e-03 
-2.231651e-03 
-2.268967e-03 
-4.687687e-04 
9.531981e-04 
-4.709919e-04 
-2.726294e-03 
-3.288177e-03 
-1.937286e-03 
-1.711808e-03 
-2.878055e-03 
-6.199574e-03 
-5.633882e-03 
-3.634587e-03 
-4.764241e-03 
-5.452686e-03 
-4.941728e-03 
-4.833692e-03 
-4.992364e-03 
-4.922252e-03 
-3.496216e-03 
-1.770198e-03 
-2.616627e-03 
-3.486233e-03 
-2.630795e-03 
-2.321564e-03 
-2.669038e-03 
-5.673283e-03 
-6.261444e-03 
-3.791465e-03 
-4.458888e-03 
-5.425289e-03 
-5.144627e-03 
-4.923320e-03 
-4.969258e-03 
-4.957665e-03 
-3.599826e-03 
-1.902169e-03 
-2.710981e-03 
-3.554080e-03 
-2.816518e-03 
-2.472722e-03 
-5.085239e-05 
5.272361e-04 
-1.518601e-03 
4.340227e-04 
2.844294e-03 
1.636002e-03 
6.965002e-04 
1.625261e-03 
1.877397e-03 
1.541788e-03 
1.427568e-03 
1.397282e-03 
1.416487e-03 
1.405263e-03 
1.684775e-05 
-1.707727e-03 
-9.492945e-04 
-9.136391e-05 
-8.430458e-04 
-1.246145e-03 
-9.762454e-04 
4.452831e-04 
1.826209e-03 
1.081214e-03 
2.870122e-03 
4.113593e-03 
2.314911e-03 
2.545849e-03 
3.261398e-03 
3.034079e-03 
2.755351e-03 
2.873083e-03 
2.867348e-03 
1.893601e-03 
1.883962e-03 
3.651533e-03 
2.601329e-03 
2.005116e-03 
2.572144e-03 
1.737533e-03 
-1.628161e-04 
6.126695e-05 
1.108357e-03 
5.102662e-04 
-1.904379e-05 
-6.218971e-04 
-2.113335e-03 
-1.935020e-03 
6.174025e-04 
1.585566e-03 
-7.092867e-04 
-4.687027e-04 
4.115432e-04 
2.527050e-04 
2.820401e-05 
1.080524e-04 
1.399478e-04 
1.051141e-04 
9.248285e-04 
2.486674e-03 
2.256215e-03 
1.227137e-03 
1.622898e-03 
2.131227e-03 
1.972132e-03 
1.754386e-03 
9.939976e-04 
-5.024347e-04 
-3.502541e-04 
5.464437e-04 
1.093876e-04 
1.265893e-03 
2.864254e-03 
2.656670e-03 
3.912492e-03 
2.964246e-03 
2.951715e-03 
3.463482e-03 
1.830674e-03 
2.353124e-04 
5.067969e-04 
-8.121000e-04 
7.506526e-05 
9.469783e-05 
-5.425448e-04 
-5.058688e-04 
-3.421266e-04 
-4.075200e-04 
-4.575334e-04 
-4.409911e-04 
-4.455585e-04 
-4.654609e-04 
-4.751254e-04 
-4.928187e-04 
-1.229927e-03 
-2.597408e-03 
-2.410640e-03 
-1.521826e-03 
-1.225953e-03 
-1.033821e-03 
-9.309530e-04 
-2.023533e-04 
-7.108915e-04 
-7.832671e-04 
-1.164363e-03 
-2.485821e-03 
-2.398454e-03 
-1.568016e-03 
-1.257946e-03 
-1.006082e-03 
-2.301593e-03 
-2.826621e-03 
-1.738900e-03 
-3.100601e-03 
-4.733696e-03 
-3.107646e-03 
-3.624176e-03 
-5.624849e-03 
-5.341596e-03 
-4.322734e-03 
-4.715691e-03 
-5.032714e-03 
-4.797515e-03 
-4.673068e-03 
-4.686083e-03 
-4.631769e-03 
-4.551600e-03 
-4.489633e-03 
-3.816113e-03 
-2.587673e-03 
-2.085017e-03 
-1.601437e-03 
-1.372300e-03 
-1.154833e-03 
-9.747489e-04 
-1.365340e-03 
-8.150264e-04 
-2.907374e-03 
-3.594793e-03 
-1.346207e-03 
-1.643455e-03 
-3.532335e-03 
-2.653358e-03 
-2.133302e-03 
-3.685483e-03 
-4.731202e-03 
-3.215728e-03 
-3.178667e-03 
-3.788284e-03 
-2.542193e-03 
-1.328248e-03 
-2.610721e-03 
-2.064816e-03 
-9.046906e-04 
-2.092039e-03 
-2.702490e-03 
-1.688464e-03 
-1.653670e-03 
-2.022545e-03 
-1.920402e-03 
-1.775018e-03 
-1.779704e-03 
-1.761657e-03 
-1.730334e-03 
-1.198931e-03 
-6.559703e-04 
-7.903587e-04 
-8.150107e-04 
-9.658421e-04 
-7.357074e-05 
-3.899951e-04 
-5.813798e-04 
1.366000e-04 
1.141018e-04 
-8.733538e-04 
-3.168350e-04 
-6.178293e-05 
-3.697169e-04 
-3.568959e-04 
-2.213077e-04 
-6.278727e-04 
-1.446608e-03 
-1.288919e-03 
-7.630634e-04 
-9.826437e-04 
-1.933283e-03 
-2.490441e-03 
-1.490940e-03 
-1.476270e-03 
-1.859405e-03 
-1.732096e-03 
-1.558298e-03 
-1.545064e-03 
-1.502855e-03 
-1.069091e-03 
-3.571506e-04 
-4.162096e-04 
-7.709038e-04 
-5.321943e-04 
-3.374655e-04 
-1.021653e-03 
-1.580286e-03 
-7.549519e-04 
-7.068949e-04 
-1.023496e-03 
-9.222420e-04 
-7.714972e-04 
-7.550203e-04 
-7.221721e-04 
-6.535454e-04 
-6.031827e-04 
-8.139741e-04 
-1.242863e-03 
-6.162008e-04 
1.973000e-04 
-4.836138e-04 
-5.595358e-04 
-1.712729e-04 
-1.279003e-04 
2.981782e-04 
7.860585e-04 
5.215487e-04 
9.661201e-04 
1.160730e-03 
8.701868e-04 
9.585096e-04 
1.099827e-03 
1.062964e-03 
1.039055e-03 
1.064778e-03 
1.074591e-03 
1.078377e-03 
1.457450e-03 
1.788461e-03 
1.529782e-03 
1.854448e-03 
1.988729e-03 
1.736946e-03 
1.758870e-03 
1.823939e-03 
1.610973e-03 
1.295178e-03 
1.476907e-03 
1.769301e-03 
1.632731e-03 
1.666887e-03 
1.592365e-03 
1.576400e-03 
1.755097e-03 
1.932706e-03 
2.007910e-03 
1.770653e-03 
1.576622e-03 
1.758954e-03 
1.745993e-03 
1.622845e-03 
1.595290e-03 
1.581819e-03 
1.339931e-03 
1.131576e-03 
1.340604e-03 
1.193905e-03 
8.762580e-04 
9.671874e-04 
1.066775e-03 
8.392304e-04 
8.879274e-04 
1.047063e-03 
9.190986e-04 
9.886376e-04 
1.158074e-03 
1.075541e-03 
9.806758e-04 
1.024289e-03 
1.026984e-03 
8.061683e-04 
7.535191e-04 
8.909668e-04 
8.429100e-04 
7.797127e-04 
7.846721e-04 
7.867718e-04 
7.722887e-04 
8.304247e-04 
7.667770e-04 
6.849208e-04 
7.467338e-04 
7.440965e-04 
7.052866e-04 
6.988988e-04 
6.975423e-04 
6.856830e-04 
6.760835e-04 
7.201535e-04 
7.688199e-04 
7.241519e-04 
6.826992e-04 
6.965786e-04 
6.928968e-04 
6.708761e-04 
6.570198e-04 
6.467943e-04 
6.335547e-04 
6.177984e-04 
6.053851e-04 
5.978131e-04 
5.856041e-04 
5.711166e-04 
5.603264e-04 
5.497474e-04 
5.391997e-04 
5.765524e-04 
5.493761e-04 
5.159813e-04 
5.386972e-04 
5.163478e-04 
4.959752e-04 
4.910634e-04 
5.176198e-04 
5.087764e-04 
4.645004e-04 
4.600624e-04 
4.579216e-04 
4.400437e-04 
4.108128e-04 
4.111580e-04 
4.002953e-04 
3.715446e-04 
3.695835e-04 
3.505170e-04 
3.338677e-04 
3.332132e-04 
3.226337e-04 
3.098437e-04 
3.018378e-04 
2.941424e-04 
2.930804e-04 
2.929170e-04 
2.787605e-04 
2.524819e-04 
2.459586e-04 
2.498370e-04 
2.268242e-04 
2.139742e-04 
2.181555e-04 
2.099392e-04 
1.997246e-04 
1.947611e-04 
1.896939e-04 
1.869464e-04 
1.846364e-04 
1.699044e-04 
1.610738e-04 
1.595196e-04 
1.502294e-04 
1.444244e-04 
1.370177e-04 
1.308178e-04 
1.292697e-04 
1.241958e-04 
1.186812e-04 
1.148618e-04 
1.108637e-04 
1.064063e-04 
1.034726e-04 
1.006389e-04 
9.535997e-05 
9.039440e-05 
8.863088e-05 
8.470602e-05 
7.942367e-05 
7.627330e-05 
7.191703e-05 
6.692295e-05 
6.182498e-05 
5.768698e-05 
5.342913e-05 
4.908083e-05 
4.568157e-05 
4.177184e-05 
3.781393e-05 
3.416760e-05 
3.055790e-05 
2.692734e-05 
2.333814e-05 
1.962877e-05 
1.620979e-05 
1.276470e-05 
9.399552e-06 
6.169356e-06 
2.919711e-06 
-1.187683e-07 
-3.346458e-06 
-6.598149e-06 
-9.639351e-06 
-1.266615e-05 
-1.569807e-05 
-1.866817e-05 
-2.158369e-05 
-2.446638e-05 
-2.735561e-05 
-3.011704e-05 
-3.281640e-05 
-3.552212e-05 
-3.817645e-05 
-4.076889e-05 
-4.330281e-05 
-4.582701e-05 
-4.831118e-05 
-5.073221e-05 
-5.311347e-05 
-5.545549e-05 
-5.775168e-05 
-6.000298e-05 
-6.221099e-05 
-6.437529e-05 
-6.649571e-05 
-6.857262e-05 
-7.060592e-05 
-7.259594e-05 
-7.454268e-05 
-7.644628e-05 
-7.830689e-05 
-8.012481e-05 
-8.189963e-05 
-8.363171e-05 
-8.532144e-05 
-8.696883e-05 
-8.857401e-05 
-9.013709e-05 
-9.165823e-05 
-9.313754e-05 
-9.457519e-05 
-9.597131e-05 
-9.732606e-05 
-9.863959e-05 
-9.991206e-05 
-1.011436e-04 
-1.023345e-04 
