1 
1.000000e-02 
-5.851552e-04 
-5.847478e-04 
-5.843306e-04 
-5.839211e-04 
-5.835063e-04 
-5.830880e-04 
-5.826708e-04 
-5.822510e-04 
-5.818353e-04 
-5.814236e-04 
-5.810195e-04 
-5.806293e-04 
-5.802466e-04 
-5.798524e-04 
-5.794332e-04 
-5.790030e-04 
-5.785963e-04 
-5.782449e-04 
-5.779566e-04 
-5.776125e-04 
-5.769871e-04 
-5.759495e-04 
-5.747651e-04 
-5.739167e-04 
-5.737491e-04 
-5.743089e-04 
-5.753389e-04 
-5.762801e-04 
-5.764295e-04 
-5.754388e-04 
-5.735775e-04 
-5.717723e-04 
-5.709557e-04 
-5.714735e-04 
-5.729982e-04 
-5.749253e-04 
-5.766425e-04 
-5.775115e-04 
-5.772108e-04 
-5.758649e-04 
-5.733341e-04 
-5.679506e-04 
-5.577224e-04 
-5.431620e-04 
-5.277465e-04 
-5.148414e-04 
-5.057718e-04 
-5.011022e-04 
-5.011607e-04 
-5.054472e-04 
-5.128333e-04 
-5.229855e-04 
-5.397392e-04 
-5.678032e-04 
-6.018845e-04 
-6.287528e-04 
-6.391208e-04 
-6.335325e-04 
-6.201588e-04 
-6.097465e-04 
-6.092912e-04 
-6.188263e-04 
-6.333925e-04 
-6.488686e-04 
-6.718129e-04 
-7.167989e-04 
-7.909611e-04 
-8.825197e-04 
-9.694827e-04 
-1.031774e-03 
-1.059007e-03 
-1.047913e-03 
-9.925079e-04 
-8.908453e-04 
-7.500881e-04 
-5.823810e-04 
-3.981189e-04 
-2.180705e-04 
-9.638874e-05 
-8.158375e-05 
-1.756363e-04 
-3.350122e-04 
-5.011634e-04 
-6.378078e-04 
-7.410157e-04 
-8.082976e-04 
-8.268775e-04 
-7.921956e-04 
-7.157450e-04 
-6.166577e-04 
-5.005324e-04 
-3.482650e-04 
-1.474273e-04 
4.829744e-05 
1.429314e-04 
8.410540e-05 
-1.048328e-04 
-3.559026e-04 
-6.072372e-04 
-8.322697e-04 
-1.002955e-03 
-1.050653e-03 
-9.274935e-04 
-6.516346e-04 
-3.071112e-04 
-4.262078e-05 
1.809712e-05 
-1.110452e-04 
-2.780407e-04 
-3.280265e-04 
-2.252030e-04 
-6.479667e-05 
2.969182e-05 
-1.144885e-06 
-1.334117e-04 
-2.792579e-04 
-3.131108e-04 
-1.556798e-04 
1.765893e-04 
5.982567e-04 
9.670903e-04 
1.105198e-03 
9.272229e-04 
4.924913e-04 
-7.714683e-05 
-7.113231e-04 
-1.394923e-03 
-2.020919e-03 
-2.342520e-03 
-2.197828e-03 
-1.639026e-03 
-8.803062e-04 
-2.054848e-04 
1.851910e-04 
2.836384e-04 
2.113759e-04 
-5.561716e-05 
-7.611769e-04 
-2.068924e-03 
-3.769609e-03 
-5.299473e-03 
-6.028368e-03 
-5.622551e-03 
-4.249334e-03 
-2.394912e-03 
-5.197000e-04 
1.170371e-03 
2.730210e-03 
4.229641e-03 
5.412628e-03 
5.926373e-03 
5.688269e-03 
4.900607e-03 
3.724095e-03 
2.151256e-03 
1.593882e-04 
-2.115143e-03 
-3.948396e-03 
-4.295532e-03 
-2.722098e-03 
3.278070e-04 
3.975398e-03 
7.443754e-03 
9.871589e-03 
1.034235e-02 
8.645396e-03 
5.429324e-03 
1.678093e-03 
-1.895071e-03 
-5.012185e-03 
-7.469529e-03 
-9.130790e-03 
-1.007661e-02 
-1.050380e-02 
-1.062699e-02 
-1.061431e-02 
-1.038008e-02 
-9.381423e-03 
-7.138666e-03 
-3.854346e-03 
-4.057270e-04 
2.393209e-03 
4.321587e-03 
5.704433e-03 
6.891896e-03 
7.798231e-03 
8.152614e-03 
7.840191e-03 
6.833060e-03 
5.115370e-03 
2.796179e-03 
1.050045e-04 
-2.723939e-03 
-5.555157e-03 
-8.355661e-03 
-1.079368e-02 
-1.191166e-02 
-1.099237e-02 
-8.212468e-03 
-4.423282e-03 
-5.209204e-04 
3.025365e-03 
6.231740e-03 
8.972138e-03 
1.021563e-02 
8.976312e-03 
5.304378e-03 
1.729746e-04 
-5.267258e-03 
-1.012827e-02 
-1.308688e-02 
-1.278428e-02 
-9.100931e-03 
-3.194951e-03 
3.440474e-03 
9.823424e-03 
1.574965e-02 
2.154398e-02 
2.753287e-02 
3.280871e-02 
3.512723e-02 
3.311207e-02 
2.739018e-02 
1.988367e-02 
1.242747e-02 
5.864367e-03 
9.194451e-06 
-5.788027e-03 
-1.156824e-02 
-1.591996e-02 
-1.737128e-02 
-1.579241e-02 
-1.237004e-02 
-8.949904e-03 
-7.097312e-03 
-7.215955e-03 
-8.589389e-03 
-9.825836e-03 
-9.463111e-03 
-6.951242e-03 
-3.260037e-03 
-9.371663e-04 
-2.167628e-03 
-7.136376e-03 
-1.429920e-02 
-2.173104e-02 
-2.823834e-02 
-3.282061e-02 
-3.365601e-02 
-2.968550e-02 
-2.174777e-02 
-1.190483e-02 
-2.075294e-03 
6.350624e-03 
1.166518e-02 
1.281101e-02 
1.040185e-02 
6.261038e-03 
2.698791e-03 
1.686228e-03 
3.678663e-03 
7.301585e-03 
1.013434e-02 
1.051701e-02 
8.469041e-03 
4.969621e-03 
7.142397e-04 
-3.900262e-03 
-8.084846e-03 
-1.100968e-02 
-1.250005e-02 
-1.296325e-02 
-1.281171e-02 
-1.226841e-02 
-1.115504e-02 
-8.633963e-03 
-4.041836e-03 
2.422228e-03 
9.590160e-03 
1.495826e-02 
1.621593e-02 
1.360077e-02 
1.031722e-02 
9.766997e-03 
1.310211e-02 
1.912185e-02 
2.557672e-02 
2.984936e-02 
3.011088e-02 
2.702918e-02 
2.306722e-02 
2.057527e-02 
2.087502e-02 
2.386434e-02 
2.835044e-02 
3.296331e-02 
3.655462e-02 
3.776926e-02 
3.583722e-02 
3.128467e-02 
2.548780e-02 
1.974842e-02 
1.491939e-02 
1.155911e-02 
9.688807e-03 
8.778222e-03 
8.130233e-03 
7.412899e-03 
7.357942e-03 
9.206153e-03 
1.342766e-02 
1.935183e-02 
2.566486e-02 
3.130441e-02 
3.596830e-02 
3.962306e-02 
4.178244e-02 
4.212332e-02 
4.113372e-02 
3.978640e-02 
3.878355e-02 
3.809316e-02 
3.723057e-02 
3.581423e-02 
3.388629e-02 
3.195972e-02 
3.059862e-02 
2.998737e-02 
2.989306e-02 
2.975022e-02 
2.873804e-02 
2.636924e-02 
2.311076e-02 
2.077850e-02 
2.118998e-02 
2.469837e-02 
3.034298e-02 
3.680729e-02 
4.314668e-02 
4.902281e-02 
5.342599e-02 
5.303712e-02 
4.516054e-02 
3.035379e-02 
1.176455e-02 
-7.197291e-03 
-2.466895e-02 
-4.065651e-02 
-5.548646e-02 
-6.632083e-02 
-6.905325e-02 
-6.272432e-02 
-5.019205e-02 
-3.575333e-02 
-2.250685e-02 
-1.125412e-02 
-1.067380e-03 
9.389299e-03 
1.991007e-02 
2.692904e-02 
2.672114e-02 
1.891840e-02 
6.400845e-03 
-7.084788e-03 
-1.913498e-02 
-2.939636e-02 
-3.887880e-02 
-4.877760e-02 
-5.965620e-02 
-7.132089e-02 
-8.319648e-02 
-9.479268e-02 
-1.059558e-01 
-1.166236e-01 
-1.249455e-01 
-1.275293e-01 
-1.228997e-01 
-1.127463e-01 
-1.004025e-01 
-8.863927e-02 
-7.848175e-02 
-6.969606e-02 
-6.242377e-02 
-5.717412e-02 
-5.387770e-02 
-5.104245e-02 
-4.618679e-02 
-3.795302e-02 
-2.772610e-02 
-1.889180e-02 
-1.388366e-02 
-1.251057e-02 
-1.183461e-02 
-8.199836e-03 
-1.829718e-04 
9.089096e-03 
1.326976e-02 
8.409925e-03 
-4.435959e-03 
-2.092855e-02 
-3.545944e-02 
-4.184061e-02 
-3.717259e-02 
-2.373862e-02 
-6.713805e-03 
9.412621e-03 
2.290114e-02 
3.414907e-02 
4.177266e-02 
4.231944e-02 
3.435925e-02 
1.994865e-02 
2.921829e-03 
-1.341900e-02 
-2.521168e-02 
-2.693420e-02 
-1.614555e-02 
4.315252e-03 
2.876397e-02 
5.240593e-02 
7.341217e-02 
9.261480e-02 
1.109717e-01 
1.242978e-01 
1.255605e-01 
1.122869e-01 
8.840300e-02 
6.074041e-02 
3.463750e-02 
1.227392e-02 
-3.992570e-03 
-1.098006e-02 
-8.321490e-03 
3.140186e-04 
9.312549e-03 
1.467490e-02 
1.542539e-02 
1.295577e-02 
8.578374e-03 
2.170279e-03 
-6.688994e-03 
-1.770744e-02 
-2.889041e-02 
-3.637896e-02 
-3.757630e-02 
-3.312070e-02 
-2.676415e-02 
-2.415799e-02 
-2.890918e-02 
-4.038020e-02 
-5.505794e-02 
-6.880128e-02 
-7.688593e-02 
-7.616609e-02 
-6.748371e-02 
-5.466181e-02 
-4.169103e-02 
-3.063073e-02 
-2.131265e-02 
-1.239650e-02 
-2.677519e-03 
8.201115e-03 
1.980516e-02 
3.076467e-02 
3.774585e-02 
3.777089e-02 
3.094826e-02 
2.012775e-02 
8.854779e-03 
7.401955e-04 
-1.361080e-03 
2.696820e-03 
1.051503e-02 
1.890492e-02 
2.501535e-02 
2.737963e-02 
2.672938e-02 
2.595840e-02 
2.818486e-02 
3.447203e-02 
4.359919e-02 
5.316267e-02 
5.954648e-02 
5.935127e-02 
5.213681e-02 
4.046652e-02 
2.779806e-02 
1.640716e-02 
6.669885e-03 
-2.334816e-03 
-1.172821e-02 
-2.205152e-02 
-3.313125e-02 
-4.442383e-02 
-5.515541e-02 
-6.280723e-02 
-6.399733e-02 
-5.779892e-02 
-4.643103e-02 
-3.339827e-02 
-2.130177e-02 
-1.086631e-02 
-1.357327e-03 
8.110249e-03 
1.689258e-02 
2.341817e-02 
2.684054e-02 
2.749195e-02 
2.652549e-02 
2.511121e-02 
2.304635e-02 
1.859516e-02 
1.055027e-02 
2.089930e-04 
-8.178442e-03 
-1.090517e-02 
-7.594816e-03 
-7.523797e-04 
6.077216e-03 
9.558078e-03 
8.272705e-03 
3.300576e-03 
-2.805247e-03 
-6.858444e-03 
-6.589550e-03 
-2.079088e-03 
4.544335e-03 
1.006233e-02 
1.209347e-02 
1.065235e-02 
8.153666e-03 
7.437259e-03 
9.589072e-03 
1.307817e-02 
1.522070e-02 
1.445665e-02 
1.125163e-02 
7.786736e-03 
6.291788e-03 
7.057357e-03 
6.916879e-03 
1.735430e-03 
-9.925534e-03 
-2.622538e-02 
-4.392887e-02 
-6.054147e-02 
-7.408739e-02 
-8.135443e-02 
-8.034951e-02 
-7.238456e-02 
-6.101321e-02 
-4.962377e-02 
-3.981767e-02 
-3.133763e-02 
-2.304521e-02 
-1.400251e-02 
-4.002738e-03 
6.317221e-03 
1.411885e-02 
1.521821e-02 
8.024369e-03 
-4.072824e-03 
-1.260793e-02 
-1.035271e-02 
3.463523e-03 
2.404647e-02 
4.534551e-02 
6.369489e-02 
7.700507e-02 
8.043096e-02 
6.993007e-02 
4.679447e-02 
1.671007e-02 
-1.252891e-02 
-3.025790e-02 
-2.895388e-02 
-1.006888e-02 
1.776009e-02 
4.379111e-02 
6.116400e-02 
6.982688e-02 
7.419665e-02 
7.688693e-02 
7.566550e-02 
6.758531e-02 
5.248475e-02 
3.296659e-02 
1.236724e-02 
-6.844132e-03 
-2.139353e-02 
-2.722327e-02 
-2.329659e-02 
-1.252905e-02 
5.339785e-04 
1.251123e-02 
2.243509e-02 
3.121632e-02 
3.972272e-02 
4.581859e-02 
4.599066e-02 
3.909214e-02 
2.711586e-02 
1.342248e-02 
1.387294e-03 
-4.769111e-03 
-2.192265e-03 
8.192560e-03 
2.262146e-02 
3.605312e-02 
4.226853e-02 
3.761192e-02 
2.361608e-02 
5.219792e-03 
-1.282533e-02 
-2.833939e-02 
-4.181908e-02 
-5.493217e-02 
-6.777597e-02 
-7.770278e-02 
-8.234198e-02 
-8.182502e-02 
-7.837592e-02 
-7.476130e-02 
-7.300816e-02 
-7.357348e-02 
-7.556390e-02 
-7.738018e-02 
-7.653843e-02 
-7.104585e-02 
-6.105061e-02 
-4.851130e-02 
-3.568084e-02 
-2.384914e-02 
-1.305472e-02 
-2.599009e-03 
8.223959e-03 
1.963142e-02 
2.990000e-02 
3.398162e-02 
2.789643e-02 
1.239156e-02 
-6.869507e-03 
-2.177269e-02 
-2.740903e-02 
-2.466844e-02 
-1.815654e-02 
-1.243253e-02 
-9.867140e-03 
-1.157156e-02 
-1.769462e-02 
-2.704802e-02 
-3.775933e-02 
-4.833136e-02 
-5.821717e-02 
-6.723024e-02 
-7.239908e-02 
-6.884080e-02 
-5.479782e-02 
-3.305084e-02 
-8.493018e-03 
1.501765e-02 
3.621191e-02 
5.597393e-02 
7.588471e-02 
9.695090e-02 
1.187012e-01 
1.367653e-01 
1.449116e-01 
1.409682e-01 
1.282443e-01 
1.125150e-01 
9.827249e-02 
8.751396e-02 
8.167151e-02 
8.144916e-02 
8.576452e-02 
9.232570e-02 
9.845013e-02 
1.000708e-01 
9.376249e-02 
7.965948e-02 
6.102267e-02 
4.170032e-02 
2.395913e-02 
7.944981e-03 
-7.478391e-03 
-2.349764e-02 
-4.057896e-02 
-5.842420e-02 
-7.640234e-02 
-9.348118e-02 
-1.061272e-01 
-1.100583e-01 
-1.044620e-01 
-9.250948e-02 
-7.876902e-02 
-6.643564e-02 
-5.626120e-02 
-4.815158e-02 
-4.412793e-02 
-4.653764e-02 
-5.530934e-02 
-6.799101e-02 
-8.140200e-02 
-9.151993e-02 
-9.393860e-02 
-8.732027e-02 
-7.425940e-02 
-5.904441e-02 
-4.492325e-02 
-3.284165e-02 
-2.191519e-02 
-1.074205e-02 
1.509445e-03 
1.477787e-02 
2.844510e-02 
4.188590e-02 
5.482987e-02 
6.733325e-02 
7.868680e-02 
8.686583e-02 
9.058753e-02 
9.052743e-02 
8.865209e-02 
8.649598e-02 
8.280012e-02 
7.461209e-02 
6.060176e-02 
4.210494e-02 
2.184484e-02 
2.102917e-03 
-1.627343e-02 
-3.347564e-02 
-4.803856e-02 
-5.657642e-02 
-5.746641e-02 
-5.236262e-02 
-4.472748e-02 
-3.753225e-02 
-3.195276e-02 
-2.752099e-02 
-2.312149e-02 
-1.795371e-02 
-1.192542e-02 
-5.601074e-03 
-2.069665e-04 
3.163826e-03 
4.455482e-03 
5.101625e-03 
7.697624e-03 
1.396143e-02 
2.357954e-02 
3.479966e-02 
4.472878e-02 
4.906651e-02 
4.523296e-02 
3.442841e-02 
2.082284e-02 
1.054298e-02 
8.220867e-03 
1.393414e-02 
2.344545e-02 
3.019212e-02 
2.968544e-02 
2.209579e-02 
1.095224e-02 
1.090399e-04 
-8.472564e-03 
-1.483566e-02 
-1.919968e-02 
-2.143816e-02 
-2.175506e-02 
-2.085020e-02 
-1.979741e-02 
-1.974257e-02 
-2.097935e-02 
-2.188861e-02 
-2.004669e-02 
-1.443181e-02 
-5.966572e-03 
3.354522e-03 
1.041561e-02 
1.161031e-02 
5.729283e-03 
-5.250433e-03 
-1.696278e-02 
-2.325402e-02 
-2.014489e-02 
-8.543974e-03 
7.235405e-03 
2.279800e-02 
3.599957e-02 
4.718774e-02 
5.795324e-02 
6.908317e-02 
7.644866e-02 
7.284914e-02 
5.527079e-02 
2.709194e-02 
-5.117430e-03 
-3.588225e-02 
-6.127475e-02 
-7.718814e-02 
-8.219637e-02 
-7.907465e-02 
-7.271136e-02 
-6.705607e-02 
-6.351442e-02 
-6.131389e-02 
-5.889450e-02 
-5.455891e-02 
-4.670279e-02 
-3.503323e-02 
-2.080149e-02 
-5.831848e-03 
8.582331e-03 
2.213497e-02 
3.525226e-02 
4.852748e-02 
6.228142e-02 
7.612567e-02 
8.574027e-02 
8.303768e-02 
6.393723e-02 
3.193363e-02 
-2.162571e-03 
-2.433108e-02 
-2.747510e-02 
-1.509230e-02 
3.421488e-03 
1.973196e-02 
2.940499e-02 
3.021651e-02 
2.262089e-02 
9.743451e-03 
-4.592786e-03 
-1.791480e-02 
-2.978456e-02 
-4.111922e-02 
-5.301983e-02 
-6.595205e-02 
-7.879359e-02 
-8.727634e-02 
-8.717437e-02 
-7.818083e-02 
-6.373361e-02 
-4.822509e-02 
-3.443277e-02 
-2.272453e-02 
-1.189100e-02 
-5.329593e-04 
1.199114e-02 
2.523358e-02 
3.694731e-02 
4.423596e-02 
4.615719e-02 
4.467634e-02 
4.467518e-02 
5.076835e-02 
6.354197e-02 
7.673315e-02 
8.044042e-02 
6.963521e-02 
4.707860e-02 
1.984853e-02 
-5.782621e-03 
-2.572460e-02 
-3.599623e-02 
-3.509661e-02 
-2.571230e-02 
-1.277870e-02 
-3.962490e-04 
9.881926e-03 
1.875791e-02 
2.774863e-02 
3.687742e-02 
4.190003e-02 
3.778995e-02 
2.361217e-02 
2.826653e-03 
-1.965454e-02 
-3.976211e-02 
-5.243340e-02 
-5.317332e-02 
-4.218187e-02 
-2.411267e-02 
-4.607536e-03 
1.286034e-02 
2.787962e-02 
4.131093e-02 
5.130260e-02 
5.446267e-02 
5.006546e-02 
4.295308e-02 
4.111846e-02 
4.913380e-02 
6.557892e-02 
8.322872e-02 
9.040755e-02 
7.958825e-02 
5.327763e-02 
2.315295e-02 
1.481364e-03 
-7.179641e-03 
-7.504100e-03 
-9.159937e-03 
-1.924529e-02 
-3.837522e-02 
-6.226494e-02 
-8.580873e-02 
-1.062268e-01 
-1.237413e-01 
-1.401055e-01 
-1.539851e-01 
-1.588854e-01 
-1.500569e-01 
-1.289644e-01 
-1.015678e-01 
-7.396157e-02 
-4.925062e-02 
-2.717757e-02 
-5.741680e-03 
1.681768e-02 
3.943663e-02 
5.576993e-02 
5.965827e-02 
5.078187e-02 
3.420905e-02 
1.627544e-02 
9.078841e-04 
-1.114854e-02 
-1.934119e-02 
-2.219970e-02 
-1.946094e-02 
-1.277073e-02 
-4.931340e-03 
2.434051e-05 
-1.357474e-03 
-9.376443e-03 
-2.142517e-02 
-3.417734e-02 
-4.549343e-02 
-5.383512e-02 
-5.718587e-02 
-5.483899e-02 
-4.828232e-02 
-4.064353e-02 
-3.547655e-02 
-3.451695e-02 
-3.589565e-02 
-3.411353e-02 
-2.463348e-02 
-7.297062e-03 
1.445080e-02 
3.651034e-02 
5.645342e-02 
7.253844e-02 
8.169497e-02 
8.223139e-02 
7.578497e-02 
6.623880e-02 
5.821367e-02 
5.505835e-02 
5.724093e-02 
6.360116e-02 
7.265697e-02 
8.302993e-02 
9.377062e-02 
1.042776e-01 
1.128849e-01 
1.172320e-01 
1.165602e-01 
1.120611e-01 
1.039434e-01 
9.037617e-02 
7.038288e-02 
4.531484e-02 
1.792119e-02 
-9.374172e-03 
-3.551612e-02 
-6.075721e-02 
-8.591683e-02 
-1.115796e-01 
-1.355217e-01 
-1.490804e-01 
-1.443457e-01 
-1.216189e-01 
-8.842166e-02 
-5.364307e-02 
-2.255359e-02 
4.382339e-03 
2.734473e-02 
4.174602e-02 
4.289866e-02 
3.134188e-02 
1.231407e-02 
-8.111053e-03 
-2.631710e-02 
-4.195866e-02 
-5.668488e-02 
-7.220677e-02 
-8.735748e-02 
-9.599747e-02 
-9.267692e-02 
-7.759136e-02 
-5.575086e-02 
-3.302147e-02 
-1.283201e-02 
4.622896e-03 
2.071089e-02 
3.425074e-02 
4.149629e-02 
4.056369e-02 
3.379702e-02 
2.643044e-02 
2.262202e-02 
2.318997e-02 
2.580055e-02 
2.598675e-02 
2.028061e-02 
8.741451e-03 
-4.272586e-03 
-1.234130e-02 
-1.201924e-02 
-4.678989e-03 
5.383654e-03 
1.365088e-02 
1.775291e-02 
1.824505e-02 
1.780590e-02 
2.011221e-02 
2.741257e-02 
3.917121e-02 
5.292810e-02 
6.466109e-02 
6.901258e-02 
6.330436e-02 
4.951530e-02 
3.230670e-02 
1.581924e-02 
2.540206e-03 
-5.670708e-03 
-8.421083e-03 
-7.185236e-03 
-3.613382e-03 
1.620213e-03 
8.331637e-03 
1.625580e-02 
2.398584e-02 
2.755676e-02 
2.349578e-02 
1.190121e-02 
-3.981453e-03 
-1.891632e-02 
-2.685150e-02 
-2.498846e-02 
-1.539933e-02 
-2.810758e-03 
8.078621e-03 
1.401654e-02 
1.453424e-02 
1.108472e-02 
5.184210e-03 
-2.070176e-03 
-9.993268e-03 
-1.825492e-02 
-2.676253e-02 
-3.550959e-02 
-4.446551e-02 
-5.328269e-02 
-5.924248e-02 
-5.784174e-02 
-4.720022e-02 
-2.954833e-02 
-9.195149e-03 
1.032110e-02 
2.773759e-02 
4.360575e-02 
5.727901e-02 
6.570743e-02 
6.691152e-02 
6.198736e-02 
5.414993e-02 
4.699084e-02 
4.280910e-02 
4.167393e-02 
4.196378e-02 
4.116142e-02 
3.719102e-02 
2.979039e-02 
2.033306e-02 
1.060839e-02 
1.723811e-03 
-6.228510e-03 
-1.380831e-02 
-2.163185e-02 
-2.997173e-02 
-3.871139e-02 
-4.754792e-02 
-5.623213e-02 
-6.469210e-02 
-7.281686e-02 
-7.836322e-02 
-7.681893e-02 
-6.585334e-02 
-4.733220e-02 
-2.554902e-02 
-4.298787e-03 
1.422004e-02 
2.717709e-02 
3.208706e-02 
2.943612e-02 
2.244888e-02 
1.535968e-02 
1.136051e-02 
1.107294e-02 
1.293712e-02 
1.456126e-02 
1.409944e-02 
1.139813e-02 
8.178334e-03 
6.520996e-03 
7.273155e-03 
9.486637e-03 
1.046701e-02 
7.761768e-03 
1.016732e-03 
-8.164194e-03 
-1.671932e-02 
-2.036604e-02 
-1.661132e-02 
-6.552361e-03 
6.412785e-03 
1.905471e-02 
2.967852e-02 
3.736754e-02 
4.183651e-02 
4.377949e-02 
4.428621e-02 
4.421084e-02 
4.398473e-02 
4.346844e-02 
4.086428e-02 
3.355161e-02 
2.070749e-02 
3.917327e-03 
-1.419021e-02 
-3.158690e-02 
-4.633344e-02 
-5.414560e-02 
-5.155660e-02 
-3.939633e-02 
-2.197283e-02 
-3.952985e-03 
1.146106e-02 
2.030594e-02 
1.883762e-02 
7.173213e-03 
-1.075693e-02 
-3.010765e-02 
-4.783028e-02 
-6.278671e-02 
-7.185888e-02 
-7.077705e-02 
-5.878410e-02 
-3.941006e-02 
-1.773673e-02 
2.629492e-03 
2.062351e-02 
3.543863e-02 
4.496795e-02 
4.820748e-02 
4.670704e-02 
4.355707e-02 
4.129928e-02 
4.076109e-02 
4.130106e-02 
4.180170e-02 
4.154629e-02 
4.057415e-02 
3.979181e-02 
4.037027e-02 
4.276385e-02 
4.619687e-02 
4.739190e-02 
4.210074e-02 
2.892496e-02 
1.010856e-02 
-1.053458e-02 
-3.010486e-02 
-4.776323e-02 
-6.386597e-02 
-7.616896e-02 
-8.020204e-02 
-7.418640e-02 
-6.062517e-02 
-4.414417e-02 
-2.881782e-02 
-1.714957e-02 
-9.445993e-03 
-4.157211e-03 
6.939018e-04 
5.284105e-03 
7.253828e-03 
4.495001e-03 
-2.860636e-03 
-1.281895e-02 
-2.308457e-02 
-3.219051e-02 
-3.868170e-02 
-4.089241e-02 
-3.854894e-02 
-3.311192e-02 
-2.668716e-02 
-2.077931e-02 
-1.577691e-02 
-1.133671e-02 
-8.041495e-03 
-7.911461e-03 
-1.221691e-02 
-2.027790e-02 
-3.014092e-02 
-3.989348e-02 
-4.824514e-02 
-5.472127e-02 
-5.948667e-02 
-6.203100e-02 
-6.147648e-02 
-5.784611e-02 
-5.221633e-02 
-4.572565e-02 
-3.796268e-02 
-2.757855e-02 
-1.405186e-02 
1.809245e-03 
1.822738e-02 
3.200986e-02 
4.010262e-02 
4.210608e-02 
4.047023e-02 
3.908688e-02 
4.082358e-02 
4.592257e-02 
5.140997e-02 
5.264978e-02 
4.719273e-02 
3.621733e-02 
2.298613e-02 
1.043152e-02 
-2.732528e-04 
-9.641540e-03 
-1.888022e-02 
-2.888489e-02 
-3.980449e-02 
-5.092138e-02 
-5.881073e-02 
-5.829502e-02 
-4.735012e-02 
-2.861615e-02 
-7.000925e-03 
1.354260e-02 
3.107130e-02 
4.274287e-02 
4.532746e-02 
3.871346e-02 
2.620326e-02 
1.209320e-02 
-7.703695e-04 
-1.169549e-02 
-2.003200e-02 
-2.383777e-02 
-2.208793e-02 
-1.590375e-02 
-7.685474e-03 
4.229799e-04 
6.880713e-03 
1.001760e-02 
9.049043e-03 
4.827360e-03 
-8.384201e-04 
-6.285714e-03 
-1.043964e-02 
-1.303141e-02 
-1.456203e-02 
-1.582141e-02 
-1.736960e-02 
-1.932201e-02 
-2.146626e-02 
-2.352342e-02 
-2.534850e-02 
-2.697522e-02 
-2.845495e-02 
-2.890646e-02 
-2.643285e-02 
-2.001681e-02 
-1.040506e-02 
4.362137e-04 
9.529170e-03 
1.415497e-02 
1.385195e-02 
1.040518e-02 
6.334645e-03 
4.153033e-03 
6.110871e-03 
1.271760e-02 
2.248843e-02 
3.318323e-02 
4.319953e-02 
5.215285e-02 
6.056827e-02 
6.909985e-02 
7.717137e-02 
8.282443e-02 
8.475811e-02 
8.343569e-02 
8.061589e-02 
7.872722e-02 
7.973821e-02 
8.389444e-02 
8.903973e-02 
9.077115e-02 
8.588158e-02 
7.471735e-02 
6.028259e-02 
4.583305e-02 
3.307622e-02 
2.187740e-02 
1.110778e-02 
-2.722204e-04 
-1.245676e-02 
-2.333778e-02 
-2.889137e-02 
-2.696094e-02 
-1.898797e-02 
-9.612912e-03 
-4.622088e-03 
-6.914613e-03 
-1.515360e-02 
-2.562805e-02 
-3.453098e-02 
-3.952302e-02 
-4.070363e-02 
-4.031792e-02 
-4.203624e-02 
-4.856701e-02 
-5.985514e-02 
-7.369046e-02 
-8.706591e-02 
-9.555001e-02 
-9.520898e-02 
-8.594795e-02 
-7.128963e-02 
-5.561459e-02 
-4.164047e-02 
-2.967850e-02 
-1.849933e-02 
-6.726762e-03 
6.048087e-03 
1.767085e-02 
2.427555e-02 
2.396499e-02 
1.815843e-02 
1.010389e-02 
2.620341e-03 
-3.189294e-03 
-7.835497e-03 
-1.272638e-02 
-1.895523e-02 
-2.473732e-02 
-2.617807e-02 
-2.114901e-02 
-1.078543e-02 
1.867461e-03 
1.405420e-02 
2.462729e-02 
3.399680e-02 
4.323222e-02 
5.314425e-02 
6.387878e-02 
7.505804e-02 
8.618220e-02 
9.662183e-02 
1.045826e-01 
1.081731e-01 
1.072882e-01 
1.035073e-01 
9.790301e-02 
9.001110e-02 
7.926539e-02 
6.602042e-02 
5.139022e-02 
3.654863e-02 
2.263634e-02 
1.119608e-02 
3.109434e-03 
-2.102246e-03 
-5.168602e-03 
-6.205827e-03 
-5.309502e-03 
-2.972431e-03 
7.110530e-05 
3.204401e-03 
6.133287e-03 
8.531785e-03 
9.493834e-03 
8.302111e-03 
5.145890e-03 
8.359218e-04 
-4.552446e-03 
-1.199611e-02 
-2.212989e-02 
-3.450456e-02 
-4.795863e-02 
-6.139866e-02 
-7.431043e-02 
-8.647658e-02 
-9.591954e-02 
-9.945774e-02 
-9.600467e-02 
-8.746345e-02 
-7.709875e-02 
-6.747642e-02 
-5.988717e-02 
-5.495288e-02 
-5.247072e-02 
-5.142834e-02 
-5.011466e-02 
-4.669129e-02 
-4.048131e-02 
-3.224640e-02 
-2.365370e-02 
-1.719469e-02 
-1.480537e-02 
-1.640171e-02 
-2.022929e-02 
-2.423383e-02 
-2.632513e-02 
-2.362377e-02 
-1.450905e-02 
-8.411027e-05 
1.681258e-02 
3.355020e-02 
4.895499e-02 
6.331236e-02 
7.749088e-02 
9.070331e-02 
9.915498e-02 
9.978249e-02 
9.310349e-02 
8.245091e-02 
7.145526e-02 
6.224693e-02 
5.558995e-02 
5.125045e-02 
4.812292e-02 
4.425467e-02 
3.786653e-02 
2.863149e-02 
1.762063e-02 
6.314186e-03 
-4.333714e-03 
-1.420747e-02 
-2.375163e-02 
-3.347961e-02 
-4.361306e-02 
-5.319247e-02 
-5.883567e-02 
-5.751414e-02 
-4.936020e-02 
-3.725567e-02 
-2.470386e-02 
-1.513752e-02 
-1.147301e-02 
-1.412721e-02 
-2.078459e-02 
-2.733938e-02 
-2.994935e-02 
-2.747013e-02 
-2.158832e-02 
-1.568784e-02 
-1.345292e-02 
-1.648312e-02 
-2.357090e-02 
-3.208849e-02 
-3.986068e-02 
-4.614338e-02 
-5.073755e-02 
-5.198257e-02 
-4.815725e-02 
-3.946752e-02 
-2.789687e-02 
-1.576446e-02 
-4.810917e-03 
3.336201e-03 
7.785534e-03 
9.143069e-03 
9.149644e-03 
1.007450e-02 
1.349592e-02 
1.940321e-02 
2.617389e-02 
3.064988e-02 
3.027444e-02 
2.503626e-02 
1.715260e-02 
9.666752e-03 
4.648043e-03 
2.187420e-03 
6.531076e-04 
-2.020977e-03 
-6.846121e-03 
-1.313125e-02 
-1.794706e-02 
-1.797444e-02 
-1.230362e-02 
-2.741762e-03 
7.874113e-03 
1.748028e-02 
2.514551e-02 
3.050146e-02 
3.350568e-02 
3.426036e-02 
3.237796e-02 
2.699707e-02 
1.806297e-02 
6.680272e-03 
-5.485824e-03 
-1.599777e-02 
-2.200663e-02 
-2.250617e-02 
-1.897285e-02 
-1.405982e-02 
-1.000390e-02 
-7.667416e-03 
-6.570016e-03 
-5.673586e-03 
-4.205904e-03 
-2.058467e-03 
1.450447e-04 
1.534766e-03 
1.730038e-03 
1.095929e-03 
3.819303e-04 
1.436301e-04 
4.285294e-04 
5.278209e-04 
-6.521613e-04 
-3.619018e-03 
-7.983723e-03 
-1.288523e-02 
-1.759349e-02 
-2.168550e-02 
-2.409789e-02 
-2.333203e-02 
-1.900013e-02 
-1.217290e-02 
-4.516873e-03 
2.731772e-03 
9.217429e-03 
1.517726e-02 
2.087641e-02 
2.622905e-02 
2.995531e-02 
3.034070e-02 
2.697397e-02 
2.102833e-02 
1.428686e-02 
8.045043e-03 
2.653420e-03 
-1.856197e-03 
-4.563171e-03 
-4.453132e-03 
-1.584460e-03 
2.956189e-03 
7.859193e-03 
1.231438e-02 
1.616920e-02 
1.956957e-02 
2.270163e-02 
2.551978e-02 
2.704479e-02 
2.606048e-02 
2.236442e-02 
1.688117e-02 
1.091177e-02 
5.354386e-03 
4.065553e-04 
-4.238323e-03 
-8.988995e-03 
-1.404145e-02 
-1.931995e-02 
-2.458491e-02 
-2.897331e-02 
-3.085622e-02 
-2.934907e-02 
-2.507891e-02 
-1.958280e-02 
-1.424932e-02 
-9.734912e-03 
-6.653629e-03 
-6.033173e-03 
-8.264906e-03 
-1.263924e-02 
-1.788412e-02 
-2.269197e-02 
-2.524270e-02 
-2.405870e-02 
-1.928432e-02 
-1.245523e-02 
-5.289581e-03 
1.645992e-03 
9.068284e-03 
1.782381e-02 
2.806763e-02 
3.911534e-02 
4.839279e-02 
5.186384e-02 
4.763974e-02 
3.738580e-02 
2.469164e-02 
1.262391e-02 
2.491718e-03 
-4.890514e-03 
-8.421326e-03 
-7.986099e-03 
-4.831263e-03 
-7.423996e-04 
2.758514e-03 
4.833996e-03 
5.562753e-03 
5.423187e-03 
4.464799e-03 
2.496991e-03 
-2.809025e-04 
-2.916607e-03 
-4.421652e-03 
-4.538191e-03 
-3.822216e-03 
-3.207931e-03 
-3.254569e-03 
-3.498366e-03 
-2.894624e-03 
-8.386932e-04 
2.459084e-03 
6.295431e-03 
1.001016e-02 
1.331736e-02 
1.625913e-02 
1.893998e-02 
2.144131e-02 
2.383343e-02 
2.608490e-02 
2.736057e-02 
2.620097e-02 
2.198675e-02 
1.544651e-02 
8.022719e-03 
1.401415e-03 
-2.666863e-03 
-3.497054e-03 
-1.888062e-03 
5.540425e-04 
2.024928e-03 
1.270176e-03 
-1.703809e-03 
-5.891486e-03 
-1.013116e-02 
-1.378017e-02 
-1.685910e-02 
-1.975971e-02 
-2.239663e-02 
-2.292252e-02 
-1.920534e-02 
-1.094708e-02 
2.318321e-04 
1.212555e-02 
2.322241e-02 
3.208436e-02 
3.573819e-02 
3.209201e-02 
2.205982e-02 
8.745431e-03 
-4.732527e-03 
-1.680051e-02 
-2.744115e-02 
-3.614361e-02 
-4.122345e-02 
-4.184425e-02 
-3.895212e-02 
-3.450623e-02 
-3.016407e-02 
-2.630529e-02 
-2.222714e-02 
-1.716947e-02 
-1.096995e-02 
-4.046336e-03 
3.001471e-03 
9.771824e-03 
1.619990e-02 
2.235490e-02 
2.742997e-02 
2.980835e-02 
2.874455e-02 
2.500810e-02 
2.026231e-02 
1.619516e-02 
1.367469e-02 
1.248322e-02 
1.179096e-02 
1.084027e-02 
9.346608e-03 
7.478598e-03 
5.583480e-03 
3.980832e-03 
3.139519e-03 
3.499794e-03 
5.041695e-03 
7.203219e-03 
8.823848e-03 
8.778111e-03 
6.834736e-03 
3.666436e-03 
2.350031e-04 
-2.814415e-03 
-5.205155e-03 
-6.311435e-03 
-5.430370e-03 
-2.573234e-03 
1.492077e-03 
5.611137e-03 
8.803724e-03 
1.065833e-02 
1.119093e-02 
1.076134e-02 
9.877087e-03 
8.593535e-03 
6.131103e-03 
1.781679e-03 
-4.353266e-03 
-1.149291e-02 
-1.851060e-02 
-2.358263e-02 
-2.515805e-02 
-2.327228e-02 
-1.936519e-02 
-1.525719e-02 
-1.234812e-02 
-1.105334e-02 
-1.084380e-02 
-1.084317e-02 
-1.043832e-02 
-9.530800e-03 
-8.428829e-03 
-7.523350e-03 
-7.009534e-03 
-7.032542e-03 
-8.045984e-03 
-1.039274e-02 
-1.390031e-02 
-1.792555e-02 
-2.164003e-02 
-2.454365e-02 
-2.669615e-02 
-2.850805e-02 
-3.004974e-02 
-3.025928e-02 
-2.795418e-02 
-2.303918e-02 
-1.649634e-02 
-9.612940e-03 
-3.552432e-03 
6.212142e-04 
2.253755e-03 
1.409068e-03 
-1.095439e-03 
-4.183174e-03 
-7.024550e-03 
-8.891185e-03 
-9.212562e-03 
-8.031023e-03 
-5.952599e-03 
-3.698125e-03 
-1.702449e-03 
-1.173698e-05 
1.376524e-03 
1.969837e-03 
1.217290e-03 
-8.919394e-04 
-3.838992e-03 
-6.974700e-03 
-9.839239e-03 
-1.177823e-02 
-1.181078e-02 
-9.548874e-03 
-5.558055e-03 
-8.856459e-04 
3.613167e-03 
7.631552e-03 
1.133716e-02 
1.508672e-02 
1.923800e-02 
2.394697e-02 
2.847994e-02 
3.091766e-02 
2.986604e-02 
2.562334e-02 
1.973315e-02 
1.381281e-02 
8.796530e-03 
5.398309e-03 
4.237393e-03 
5.206540e-03 
7.464995e-03 
9.856826e-03 
1.139075e-02 
1.175576e-02 
1.132762e-02 
1.074128e-02 
1.057598e-02 
1.139264e-02 
1.341661e-02 
1.613018e-02 
1.849357e-02 
1.978298e-02 
2.001229e-02 
1.972319e-02 
1.963324e-02 
2.043521e-02 
2.239641e-02 
2.522615e-02 
2.834449e-02 
3.092244e-02 
3.185101e-02 
3.075161e-02 
2.852571e-02 
2.650859e-02 
2.548144e-02 
2.538414e-02 
2.555798e-02 
2.471595e-02 
2.154231e-02 
1.578476e-02 
8.332271e-03 
4.576714e-04 
-6.965731e-03 
-1.376267e-02 
-2.025668e-02 
-2.686623e-02 
-3.380064e-02 
-4.100347e-02 
-4.828009e-02 
-5.545990e-02 
-6.223371e-02 
-6.667758e-02 
-6.594415e-02 
-5.911988e-02 
-4.792271e-02 
-3.522661e-02 
-2.323318e-02 
-1.261138e-02 
-2.796676e-03 
7.032801e-03 
1.608909e-02 
2.172213e-02 
2.219524e-02 
1.818624e-02 
1.199405e-02 
5.869911e-03 
8.989569e-04 
-2.907517e-03 
-5.777012e-03 
-7.927000e-03 
-9.319869e-03 
-9.136037e-03 
-6.573269e-03 
-1.745891e-03 
4.392836e-03 
1.042034e-02 
1.481543e-02 
1.691033e-02 
1.721748e-02 
1.685772e-02 
1.676950e-02 
1.740967e-02 
1.925031e-02 
2.267968e-02 
2.754418e-02 
3.322132e-02 
3.903794e-02 
4.461524e-02 
4.989777e-02 
5.422784e-02 
5.560776e-02 
5.258979e-02 
4.565755e-02 
3.670568e-02 
2.767016e-02 
1.954000e-02 
1.235056e-02 
6.592356e-03 
3.600595e-03 
4.007455e-03 
7.004756e-03 
1.033627e-02 
1.126608e-02 
8.543095e-03 
2.958150e-03 
-3.654348e-03 
-9.757920e-03 
-1.482808e-02 
-1.923201e-02 
-2.364835e-02 
-2.853138e-02 
-3.381244e-02 
-3.823516e-02 
-3.981609e-02 
-3.769506e-02 
-3.273887e-02 
-2.689922e-02 
-2.288208e-02 
-2.284712e-02 
-2.689413e-02 
-3.332982e-02 
-4.007729e-02 
-4.589635e-02 
-5.071024e-02 
-5.502536e-02 
-5.819293e-02 
-5.824584e-02 
-5.408744e-02 
-4.648745e-02 
-3.733557e-02 
-2.834296e-02 
-2.024944e-02 
-1.284851e-02 
-5.522374e-03 
2.201159e-03 
1.010796e-02 
1.670669e-02 
2.040899e-02 
2.098530e-02 
1.959254e-02 
1.783049e-02 
1.676280e-02 
1.655476e-02 
1.672864e-02 
1.634284e-02 
1.424635e-02 
9.987040e-03 
4.109599e-03 
-2.351705e-03 
-8.464089e-03 
-1.333832e-02 
-1.637083e-02 
-1.753346e-02 
-1.678956e-02 
-1.414119e-02 
-9.994612e-03 
-5.057601e-03 
2.323571e-05 
4.859233e-03 
8.975439e-03 
1.182878e-02 
1.332777e-02 
1.388647e-02 
1.398740e-02 
1.390286e-02 
1.371622e-02 
1.342247e-02 
1.301136e-02 
1.250371e-02 
1.194554e-02 
1.138334e-02 
1.084359e-02 
1.032815e-02 
9.823702e-03 
9.315468e-03 
8.829163e-03 
8.622155e-03 
9.080899e-03 
1.034333e-02 
1.224835e-02 
1.451706e-02 
1.683072e-02 
1.837880e-02 
1.800521e-02 
1.527912e-02 
1.081372e-02 
5.733638e-03 
1.447519e-03 
-1.449131e-04 
2.026257e-03 
7.338121e-03 
1.409514e-02 
2.034679e-02 
2.341447e-02 
2.119263e-02 
1.392148e-02 
3.806817e-03 
-6.653414e-03 
-1.604195e-02 
-2.429770e-02 
-3.166314e-02 
-3.755302e-02 
-4.131311e-02 
-4.301139e-02 
-4.280614e-02 
-4.034865e-02 
-3.554268e-02 
-2.898345e-02 
-2.164554e-02 
-1.433806e-02 
-7.683654e-03 
-3.129348e-03 
-2.192224e-03 
-4.941370e-03 
-9.989720e-03 
-1.556577e-02 
-2.045232e-02 
-2.397517e-02 
-2.594381e-02 
-2.674360e-02 
-2.705573e-02 
-2.737126e-02 
-2.771273e-02 
-2.784857e-02 
-2.760702e-02 
-2.679084e-02 
-2.461759e-02 
-2.029749e-02 
-1.388280e-02 
-6.218130e-03 
1.686440e-03 
9.214659e-03 
1.622816e-02 
2.213961e-02 
2.558249e-02 
2.583586e-02 
2.352736e-02 
2.005887e-02 
1.653154e-02 
1.323687e-02 
9.930144e-03 
6.293696e-03 
2.221992e-03 
-2.153939e-03 
-6.609955e-03 
-1.100044e-02 
-1.531082e-02 
-1.960292e-02 
-2.394036e-02 
-2.834512e-02 
-3.269103e-02 
-3.588657e-02 
-3.611838e-02 
-3.262934e-02 
-2.631767e-02 
-1.891883e-02 
-1.185787e-02 
-5.642528e-03 
1.770166e-05 
5.696907e-03 
1.178158e-02 
1.828927e-02 
2.484616e-02 
3.081875e-02 
3.581870e-02 
3.996592e-02 
4.371389e-02 
4.750772e-02 
5.155493e-02 
5.572328e-02 
5.877968e-02 
5.852188e-02 
5.386512e-02 
4.571992e-02 
3.611624e-02 
2.681907e-02 
1.852927e-02 
1.095861e-02 
3.577169e-03 
-2.913827e-03 
-6.799408e-03 
-7.229186e-03 
-4.934367e-03 
-1.648732e-03 
1.000293e-03 
2.356856e-03 
2.761790e-03 
2.980413e-03 
3.593523e-03 
4.707297e-03 
5.703024e-03 
5.269643e-03 
2.536724e-03 
-2.239458e-03 
-8.021580e-03 
-1.374720e-02 
-1.868273e-02 
-2.247241e-02 
-2.526602e-02 
-2.756157e-02 
-2.985551e-02 
-3.239053e-02 
-3.511512e-02 
-3.737404e-02 
-3.755756e-02 
-3.447237e-02 
-2.841389e-02 
-2.079887e-02 
-1.311553e-02 
-6.151189e-03 
-2.857886e-05 
5.355508e-03 
1.022016e-02 
1.480315e-02 
1.871914e-02 
2.070675e-02 
1.994083e-02 
1.681109e-02 
1.255875e-02 
8.656159e-03 
6.166776e-03 
5.213098e-03 
5.156861e-03 
5.435763e-03 
6.155338e-03 
7.658142e-03 
1.002698e-02 
1.300263e-02 
1.618391e-02 
1.902013e-02 
2.050897e-02 
1.990245e-02 
1.737741e-02 
1.382585e-02 
1.022312e-02 
7.327384e-03 
5.546138e-03 
4.760296e-03 
4.597251e-03 
4.871939e-03 
5.557327e-03 
6.612149e-03 
7.924910e-03 
9.316464e-03 
1.019684e-02 
9.586101e-03 
7.015517e-03 
2.902132e-03 
-1.752502e-03 
-5.755721e-03 
-8.380394e-03 
-9.738245e-03 
-1.052204e-02 
-1.167329e-02 
-1.401248e-02 
-1.771806e-02 
-2.231469e-02 
-2.710751e-02 
-3.162380e-02 
-3.577941e-02 
-3.962226e-02 
-4.227156e-02 
-4.218169e-02 
-3.876778e-02 
-3.288743e-02 
-2.608750e-02 
-1.960272e-02 
-1.385179e-02 
-8.564496e-03 
-3.240147e-03 
2.446274e-03 
8.453177e-03 
1.368285e-02 
1.589612e-02 
1.378259e-02 
8.042793e-03 
6.420084e-04 
-6.584364e-03 
-1.279468e-02 
-1.745446e-02 
-1.897676e-02 
-1.610746e-02 
-9.320083e-03 
-4.300579e-04 
8.675158e-03 
1.680740e-02 
2.299795e-02 
2.666478e-02 
2.801426e-02 
2.773269e-02 
2.663315e-02 
2.534526e-02 
2.415131e-02 
2.301173e-02 
2.137384e-02 
1.820523e-02 
1.295680e-02 
6.024668e-03 
-1.608168e-03 
-8.489253e-03 
-1.272217e-02 
-1.336660e-02 
-1.113344e-02 
-7.681119e-03 
-4.469804e-03 
-2.084645e-03 
-1.975921e-04 
2.092471e-03 
5.468211e-03 
9.286373e-03 
1.128364e-02 
9.635241e-03 
4.424962e-03 
-2.743955e-03 
-1.004961e-02 
-1.647647e-02 
-2.202475e-02 
-2.699538e-02 
-3.074742e-02 
-3.225094e-02 
-3.129657e-02 
-2.865435e-02 
-2.534439e-02 
-2.199561e-02 
-1.875647e-02 
-1.549739e-02 
-1.205714e-02 
-8.387520e-03 
-4.563213e-03 
-7.075087e-04 
3.037505e-03 
6.376488e-03 
9.026108e-03 
1.098807e-02 
1.251432e-02 
1.383025e-02 
1.501651e-02 
1.607899e-02 
1.699168e-02 
1.762228e-02 
1.782854e-02 
1.762180e-02 
1.716522e-02 
1.665648e-02 
1.621903e-02 
1.590259e-02 
1.598132e-02 
1.694771e-02 
1.900707e-02 
2.189583e-02 
2.507872e-02 
2.793958e-02 
3.006353e-02 
3.146600e-02 
3.245835e-02 
3.329960e-02 
3.406819e-02 
3.466384e-02 
3.457161e-02 
3.316542e-02 
3.033542e-02 
2.656232e-02 
2.268619e-02 
1.985022e-02 
1.884334e-02 
1.953714e-02 
2.111845e-02 
2.271892e-02 
2.381791e-02 
2.391944e-02 
2.252832e-02 
1.965149e-02 
1.583360e-02 
1.177819e-02 
8.136066e-03 
5.438225e-03 
3.786074e-03 
2.825821e-03 
2.047475e-03 
1.082776e-03 
-4.539365e-04 
-3.144819e-03 
-7.247485e-03 
-1.244082e-02 
-1.808940e-02 
-2.365732e-02 
-2.893821e-02 
-3.402201e-02 
-3.909761e-02 
-4.400217e-02 
-4.796264e-02 
-5.035477e-02 
-5.127100e-02 
-5.129496e-02 
-5.099166e-02 
-5.067711e-02 
-5.040051e-02 
-4.988038e-02 
-4.862803e-02 
-4.641603e-02 
-4.345543e-02 
-4.019576e-02 
-3.702010e-02 
-3.407510e-02 
-3.128776e-02 
-2.845884e-02 
-2.539190e-02 
-2.202919e-02 
-1.846476e-02 
-1.485112e-02 
-1.129868e-02 
-7.926391e-03 
-5.426452e-03 
-4.832444e-03 
-6.475423e-03 
-9.724921e-03 
-1.352816e-02 
-1.704277e-02 
-1.938167e-02 
-1.930360e-02 
-1.628546e-02 
-1.101797e-02 
-4.833455e-03 
1.158131e-03 
6.524519e-03 
1.109227e-02 
1.432278e-02 
1.584005e-02 
1.590309e-02 
1.524400e-02 
1.482377e-02 
1.551003e-02 
1.754036e-02 
2.048261e-02 
2.364644e-02 
2.649904e-02 
2.888024e-02 
3.095900e-02 
3.301659e-02 
3.524062e-02 
3.760413e-02 
3.956253e-02 
4.024677e-02 
3.928274e-02 
3.705905e-02 
3.435563e-02 
3.187039e-02 
2.997411e-02 
2.863129e-02 
2.754400e-02 
2.640379e-02 
2.501749e-02 
2.321055e-02 
2.089175e-02 
1.815595e-02 
1.522064e-02 
1.227603e-02 
9.312696e-03 
6.142376e-03 
2.625975e-03 
-1.205571e-03 
-5.198097e-03 
-9.174650e-03 
-1.270439e-02 
-1.489626e-02 
-1.518426e-02 
-1.384240e-02 
-1.175291e-02 
-9.993200e-03 
-9.294163e-03 
-9.674171e-03 
-1.061902e-02 
-1.153011e-02 
-1.175850e-02 
-1.030997e-02 
-6.591681e-03 
-9.691334e-04 
5.560861e-03 
1.202381e-02 
1.739902e-02 
2.044113e-02 
2.053437e-02 
1.799002e-02 
1.381831e-02 
9.151772e-03 
4.709782e-03 
6.373405e-04 
-3.298302e-03 
-7.386286e-03 
-1.175307e-02 
-1.633044e-02 
-2.095686e-02 
-2.550133e-02 
-2.992671e-02 
-3.414587e-02 
-3.720605e-02 
-3.763153e-02 
-3.492067e-02 
-2.993394e-02 
-2.414731e-02 
-1.870627e-02 
-1.397098e-02 
-9.660745e-03 
-5.406098e-03 
-1.591168e-03 
8.871982e-04 
1.609774e-03 
9.678310e-04 
-1.747798e-05 
-1.982363e-05 
1.729840e-03 
5.010899e-03 
8.978594e-03 
1.265496e-02 
1.480191e-02 
1.451102e-02 
1.195258e-02 
8.159055e-03 
4.256778e-03 
8.600284e-04 
-2.041539e-03 
-4.803080e-03 
-7.546907e-03 
-9.460115e-03 
-9.490784e-03 
-7.406088e-03 
-3.907717e-03 
-2.852789e-04 
1.928215e-03 
1.920982e-03 
5.977359e-05 
-2.590097e-03 
-4.956036e-03 
-6.112315e-03 
-5.609196e-03 
-3.748651e-03 
-1.306622e-03 
9.179159e-04 
2.490477e-03 
3.475162e-03 
4.228335e-03 
4.990979e-03 
5.629843e-03 
5.885180e-03 
5.651357e-03 
4.839559e-03 
3.188339e-03 
5.849633e-04 
-2.748976e-03 
-6.402616e-03 
-1.001803e-02 
-1.326349e-02 
-1.569755e-02 
-1.710566e-02 
-1.768069e-02 
-1.765653e-02 
-1.700071e-02 
-1.565711e-02 
-1.374842e-02 
-1.153679e-02 
-9.274698e-03 
-7.109594e-03 
-5.119218e-03 
-3.324316e-03 
-1.634797e-03 
4.380537e-04 
3.647003e-03 
8.304664e-03 
1.404822e-02 
1.969634e-02 
2.290906e-02 
2.189110e-02 
1.687627e-02 
9.695722e-03 
2.384237e-03 
-3.311741e-03 
-5.443006e-03 
-3.098461e-03 
2.783046e-03 
1.014130e-02 
1.668300e-02 
2.077562e-02 
2.229346e-02 
2.234810e-02 
2.221782e-02 
2.237983e-02 
2.246511e-02 
2.177773e-02 
2.002757e-02 
1.773685e-02 
1.576736e-02 
1.466316e-02 
1.466182e-02 
1.580243e-02 
1.782244e-02 
2.026945e-02 
2.274554e-02 
2.497608e-02 
2.649581e-02 
2.682723e-02 
2.569410e-02 
2.305991e-02 
1.927018e-02 
1.490814e-02 
1.048622e-02 
6.243886e-03 
2.154762e-03 
-1.929220e-03 
-6.085661e-03 
-1.001281e-02 
-1.317158e-02 
-1.532275e-02 
-1.670957e-02 
-1.792212e-02 
-1.955277e-02 
-2.182903e-02 
-2.457543e-02 
-2.743941e-02 
-2.991264e-02 
-3.090666e-02 
-2.947224e-02 
-2.569751e-02 
-2.057554e-02 
-1.525453e-02 
-1.040954e-02 
-6.315850e-03 
-3.478695e-03 
-2.305378e-03 
-2.606120e-03 
-3.712154e-03 
-4.923929e-03 
-5.733715e-03 
-5.735472e-03 
-4.810366e-03 
-3.213207e-03 
-1.369653e-03 
3.922578e-04 
2.051905e-03 
3.987227e-03 
6.583224e-03 
9.512091e-03 
1.149311e-02 
1.145731e-02 
9.411021e-03 
6.294246e-03 
3.433327e-03 
1.757238e-03 
1.325740e-03 
1.547067e-03 
1.761837e-03 
1.803259e-03 
1.973153e-03 
2.595978e-03 
3.694901e-03 
4.955677e-03 
6.012247e-03 
6.682794e-03 
6.866768e-03 
6.486389e-03 
5.661942e-03 
5.124250e-03 
5.984396e-03 
8.747023e-03 
1.298507e-02 
1.775019e-02 
2.182013e-02 
2.403136e-02 
2.409084e-02 
2.268442e-02 
2.086804e-02 
1.939739e-02 
1.840985e-02 
1.740481e-02 
1.570779e-02 
1.304765e-02 
9.671245e-03 
6.085803e-03 
2.908229e-03 
6.994624e-04 
-4.232006e-04 
-8.228037e-04 
-1.032604e-03 
-1.434003e-03 
-2.312795e-03 
-4.068300e-03 
-6.891457e-03 
-1.055598e-02 
-1.459290e-02 
-1.859392e-02 
-2.237774e-02 
-2.557784e-02 
-2.705708e-02 
-2.590628e-02 
-2.234265e-02 
-1.747127e-02 
-1.247625e-02 
-8.031153e-03 
-4.525681e-03 
-2.363699e-03 
-1.587811e-03 
-1.761094e-03 
-2.263794e-03 
-2.675903e-03 
-3.139026e-03 
-4.221119e-03 
-6.289545e-03 
-9.200535e-03 
-1.229509e-02 
-1.473180e-02 
-1.609621e-02 
-1.649511e-02 
-1.616477e-02 
-1.533348e-02 
-1.422221e-02 
-1.308306e-02 
-1.229152e-02 
-1.211465e-02 
-1.241042e-02 
-1.263694e-02 
-1.223495e-02 
-1.077699e-02 
-8.171954e-03 
-4.748634e-03 
-1.022851e-03 
2.608930e-03 
6.018954e-03 
9.278753e-03 
1.212553e-02 
1.356912e-02 
1.285262e-02 
1.017601e-02 
6.462918e-03 
2.682440e-03 
-6.550056e-04 
-3.566469e-03 
-6.069482e-03 
-7.404452e-03 
-6.722069e-03 
-3.995228e-03 
-4.541232e-06 
4.267440e-03 
8.196551e-03 
1.168873e-02 
1.499765e-02 
1.834111e-02 
2.105895e-02 
2.174777e-02 
1.969279e-02 
1.544208e-02 
1.025919e-02 
5.253827e-03 
8.804669e-04 
-2.794386e-03 
-5.344169e-03 
-6.316772e-03 
-5.812197e-03 
-4.437997e-03 
-2.889850e-03 
-1.738757e-03 
-1.516890e-03 
-2.431832e-03 
-4.211983e-03 
-6.337705e-03 
-8.333979e-03 
-9.586994e-03 
-9.403952e-03 
-7.627209e-03 
-4.755477e-03 
-1.541094e-03 
1.440189e-03 
3.803130e-03 
5.348024e-03 
6.192070e-03 
6.655063e-03 
6.930267e-03 
6.995197e-03 
6.791716e-03 
6.424748e-03 
6.165972e-03 
6.221296e-03 
6.596414e-03 
7.239431e-03 
8.484308e-03 
1.082043e-02 
1.433728e-02 
1.864741e-02 
2.319289e-02 
2.749278e-02 
3.077103e-02 
3.213842e-02 
3.143159e-02 
2.931122e-02 
2.654062e-02 
2.343729e-02 
2.000704e-02 
1.621252e-02 
1.210543e-02 
7.817442e-03 
3.487988e-03 
-7.978131e-04 
-5.024837e-03 
-9.223460e-03 
-1.343132e-02 
-1.766716e-02 
-2.192682e-02 
-2.612673e-02 
-2.943110e-02 
-3.024588e-02 
-2.776722e-02 
-2.266309e-02 
-1.644031e-02 
-1.041932e-02 
-5.125594e-03 
-3.721715e-04 
3.775295e-03 
6.526600e-03 
7.315712e-03 
6.400264e-03 
4.631582e-03 
3.099890e-03 
2.809254e-03 
4.073924e-03 
6.427812e-03 
9.015079e-03 
1.106227e-02 
1.228885e-02 
1.292511e-02 
1.332419e-02 
1.362848e-02 
1.380968e-02 
1.379771e-02 
1.356698e-02 
1.316669e-02 
1.268827e-02 
1.221227e-02 
1.177572e-02 
1.134172e-02 
1.050564e-02 
8.513415e-03 
4.987139e-03 
2.394174e-04 
-5.025597e-03 
-1.019199e-02 
-1.501179e-02 
-1.958161e-02 
-2.403461e-02 
-2.752599e-02 
-2.835710e-02 
-2.571559e-02 
-2.034810e-02 
-1.385332e-02 
-7.602855e-03 
-2.267386e-03 
1.328344e-03 
2.143800e-03 
3.534914e-05 
-4.038990e-03 
-8.729942e-03 
-1.308639e-02 
-1.670363e-02 
-1.882664e-02 
-1.849963e-02 
-1.560703e-02 
-1.102936e-02 
-6.221682e-03 
-2.598851e-03 
-7.096505e-04 
-2.168975e-04 
-5.337081e-04 
-1.212640e-03 
-2.176656e-03 
-3.605809e-03 
-5.606524e-03 
-8.055830e-03 
-1.042877e-02 
-1.186295e-02 
-1.187085e-02 
-1.067931e-02 
-8.949916e-03 
-7.247100e-03 
-5.703229e-03 
-4.144067e-03 
-2.402883e-03 
-8.372664e-04 
-3.411379e-04 
-1.468019e-03 
-3.987614e-03 
-7.163108e-03 
-1.026099e-02 
-1.246585e-02 
-1.274037e-02 
-1.067848e-02 
-6.857298e-03 
-2.350374e-03 
1.967129e-03 
5.785018e-03 
9.280499e-03 
1.267408e-02 
1.552071e-02 
1.704778e-02 
1.699587e-02 
1.580218e-02 
1.417095e-02 
1.228525e-02 
9.663128e-03 
5.885724e-03 
1.042710e-03 
-4.377592e-03 
-9.838781e-03 
-1.473929e-02 
-1.812649e-02 
-1.940881e-02 
-1.889696e-02 
-1.751187e-02 
-1.614414e-02 
-1.527794e-02 
-1.500716e-02 
-1.513950e-02 
-1.538047e-02 
-1.550406e-02 
-1.533992e-02 
-1.477969e-02 
-1.386458e-02 
-1.261406e-02 
-1.043972e-02 
-6.554115e-03 
-8.250422e-04 
6.127800e-03 
1.342757e-02 
2.046433e-02 
2.703361e-02 
3.255216e-02 
3.577799e-02 
3.608636e-02 
3.407934e-02 
3.106286e-02 
2.807235e-02 
2.501081e-02 
2.106219e-02 
1.571107e-02 
9.150620e-03 
2.028797e-03 
-5.028483e-03 
-1.171019e-02 
-1.744985e-02 
-2.057052e-02 
-1.975565e-02 
-1.536224e-02 
-9.049236e-03 
-2.573001e-03 
3.127238e-03 
7.985468e-03 
1.165215e-02 
1.312080e-02 
1.191902e-02 
8.638794e-03 
4.459674e-03 
3.877962e-04 
-3.173591e-03 
-6.370573e-03 
-9.565398e-03 
-1.294424e-02 
-1.581125e-02 
-1.679886e-02 
-1.522053e-02 
-1.159327e-02 
-7.108945e-03 
-2.810091e-03 
8.826120e-04 
4.013092e-03 
6.607385e-03 
8.662083e-03 
1.029045e-02 
1.186688e-02 
1.398201e-02 
1.697566e-02 
2.071692e-02 
2.475536e-02 
2.830915e-02 
3.045523e-02 
3.086570e-02 
3.000771e-02 
2.871279e-02 
2.752683e-02 
2.610114e-02 
2.363252e-02 
1.974687e-02 
1.475760e-02 
9.338612e-03 
4.129849e-03 
-2.237788e-04 
-3.267868e-03 
-5.097508e-03 
-6.255430e-03 
-7.345073e-03 
-8.949020e-03 
-1.183837e-02 
-1.643826e-02 
-2.244733e-02 
-2.910731e-02 
-3.572011e-02 
-4.178061e-02 
-4.614278e-02 
-4.745628e-02 
-4.552680e-02 
-4.146393e-02 
-3.688295e-02 
-3.316098e-02 
-3.085465e-02 
-2.961936e-02 
-2.865691e-02 
-2.701849e-02 
-2.395730e-02 
-1.949122e-02 
-1.485262e-02 
-1.187134e-02 
-1.146052e-02 
-1.312013e-02 
-1.557940e-02 
-1.771767e-02 
-1.886186e-02 
-1.865108e-02 
-1.720594e-02 
-1.505554e-02 
-1.279871e-02 
-1.090877e-02 
-9.636340e-03 
-8.910599e-03 
-8.445287e-03 
-7.956089e-03 
-7.311209e-03 
-6.542113e-03 
-5.757306e-03 
-5.044357e-03 
-4.422025e-03 
-3.846163e-03 
-3.242312e-03 
-2.558870e-03 
-1.796133e-03 
-9.925321e-04 
-1.950638e-04 
4.584116e-04 
6.207228e-04 
3.107884e-05 
-1.239350e-03 
-2.843332e-03 
-4.310555e-03 
-5.308936e-03 
-5.750878e-03 
-5.572433e-03 
-4.502745e-03 
-2.131627e-03 
1.601799e-03 
6.279587e-03 
1.129240e-02 
1.618334e-02 
2.049569e-02 
2.318883e-02 
2.340745e-02 
2.132909e-02 
1.797694e-02 
1.447118e-02 
1.145841e-02 
9.244355e-03 
8.064399e-03 
7.879294e-03 
8.335488e-03 
8.987056e-03 
9.492490e-03 
9.682388e-03 
9.588236e-03 
9.367330e-03 
9.189283e-03 
9.185776e-03 
9.398719e-03 
9.766722e-03 
1.018262e-02 
1.056723e-02 
1.098243e-02 
1.170939e-02 
1.298906e-02 
1.480269e-02 
1.683877e-02 
1.834906e-02 
1.855292e-02 
1.729297e-02 
1.507303e-02 
1.261737e-02 
1.042119e-02 
8.581969e-03 
6.914126e-03 
5.178466e-03 
3.251779e-03 
1.162234e-03 
-9.788580e-04 
-3.070595e-03 
-5.075303e-03 
-6.922869e-03 
-8.257643e-03 
-8.702613e-03 
-8.246505e-03 
-7.236257e-03 
-6.109969e-03 
-5.153835e-03 
-4.418916e-03 
-3.791391e-03 
-3.127556e-03 
-2.317521e-03 
-1.152263e-03 
5.976932e-04 
2.945207e-03 
5.672178e-03 
8.477681e-03 
1.087910e-02 
1.217482e-02 
1.203806e-02 
1.080368e-02 
9.195887e-03 
7.824198e-03 
6.891025e-03 
6.219370e-03 
5.282814e-03 
3.417700e-03 
3.680343e-04 
-3.561118e-03 
-7.796978e-03 
-1.187643e-02 
-1.535676e-02 
-1.729431e-02 
-1.693718e-02 
-1.447996e-02 
-1.087614e-02 
-7.149840e-03 
-3.858905e-03 
-1.000724e-03 
1.733041e-03 
4.383479e-03 
6.122853e-03 
6.022771e-03 
3.974548e-03 
6.941044e-04 
-2.786829e-03 
-5.341690e-03 
-6.206198e-03 
-5.468820e-03 
-3.932657e-03 
-2.553724e-03 
-1.855703e-03 
-1.734106e-03 
-1.398436e-03 
1.871175e-04 
3.438520e-03 
7.845779e-03 
1.203445e-02 
1.462296e-02 
1.522459e-02 
1.449269e-02 
1.345912e-02 
1.288840e-02 
1.301986e-02 
1.363111e-02 
1.431665e-02 
1.463562e-02 
1.413602e-02 
1.266587e-02 
1.048722e-02 
8.056867e-03 
5.733354e-03 
3.630779e-03 
1.660477e-03 
-3.291177e-04 
-2.305285e-03 
-3.589764e-03 
-3.335297e-03 
-1.357927e-03 
1.774621e-03 
5.224938e-03 
8.217322e-03 
9.819318e-03 
9.414512e-03 
7.236264e-03 
4.148886e-03 
1.058854e-03 
-1.551957e-03 
-3.716917e-03 
-5.752736e-03 
-7.951740e-03 
-1.028609e-02 
-1.213659e-02 
-1.280440e-02 
-1.215396e-02 
-1.064232e-02 
-8.920589e-03 
-7.433137e-03 
-6.287594e-03 
-5.664077e-03 
-6.127963e-03 
-8.032838e-03 
-1.114191e-02 
-1.483114e-02 
-1.851335e-02 
-2.182193e-02 
-2.407100e-02 
-2.436627e-02 
-2.250566e-02 
-1.915897e-02 
-1.533526e-02 
-1.176845e-02 
-8.655563e-03 
-5.785443e-03 
-2.871865e-03 
-8.670771e-05 
1.870165e-03 
2.511289e-03 
1.939219e-03 
5.276121e-04 
-1.374645e-03 
-3.507722e-03 
-5.713159e-03 
-7.663531e-03 
-8.386655e-03 
-7.022250e-03 
-3.633898e-03 
9.186856e-04 
5.622397e-03 
9.511227e-03 
1.155447e-02 
1.135560e-02 
9.466423e-03 
6.924069e-03 
4.730614e-03 
3.669725e-03 
3.952780e-03 
5.165318e-03 
6.644772e-03 
7.906128e-03 
8.673411e-03 
8.533901e-03 
7.198010e-03 
4.826517e-03 
1.918319e-03 
-8.253178e-04 
-2.283032e-03 
-1.585717e-03 
1.151889e-03 
5.017127e-03 
8.994705e-03 
1.249308e-02 
1.500750e-02 
1.571882e-02 
1.425821e-02 
1.111403e-02 
7.249203e-03 
3.481652e-03 
1.340298e-04 
-2.920200e-03 
-5.953065e-03 
-8.562345e-03 
-9.182554e-03 
-6.596630e-03 
-1.055823e-03 
5.943239e-03 
1.199409e-02 
1.491859e-02 
1.427922e-02 
1.135496e-02 
7.994327e-03 
5.709614e-03 
5.206928e-03 
6.191893e-03 
7.788096e-03 
9.194888e-03 
1.006947e-02 
1.028772e-02 
9.664380e-03 
8.183034e-03 
6.100169e-03 
3.786744e-03 
1.518862e-03 
-6.169698e-04 
-2.650751e-03 
-4.380563e-03 
-5.349572e-03 
-5.331357e-03 
-4.531348e-03 
-3.397159e-03 
-2.329285e-03 
-1.739060e-03 
-2.224471e-03 
-4.094067e-03 
-7.078070e-03 
-1.056039e-02 
-1.395667e-02 
-1.676404e-02 
-1.865127e-02 
-1.952829e-02 
-1.895094e-02 
-1.638165e-02 
-1.190959e-02 
-6.266636e-03 
-3.303625e-04 
5.344762e-03 
1.066665e-02 
1.584478e-02 
2.105744e-02 
2.555078e-02 
2.759931e-02 
2.622315e-02 
2.201398e-02 
1.652570e-02 
1.128418e-02 
7.682275e-03 
6.691833e-03 
8.169509e-03 
1.104034e-02 
1.408735e-02 
1.632380e-02 
1.665655e-02 
1.448862e-02 
1.025485e-02 
5.051573e-03 
-1.064490e-04 
-4.765185e-03 
-9.032234e-03 
-1.326598e-02 
-1.769202e-02 
-2.193599e-02 
-2.516186e-02 
-2.643162e-02 
-2.519010e-02 
-2.179106e-02 
-1.726053e-02 
-1.265256e-02 
-8.695024e-03 
-5.653844e-03 
-3.308791e-03 
-1.202290e-03 
1.106480e-03 
3.986915e-03 
7.566481e-03 
1.165357e-02 
1.557489e-02 
1.784962e-02 
1.730090e-02 
1.407380e-02 
9.376877e-03 
4.558584e-03 
4.335420e-04 
-2.861373e-03 
-5.681015e-03 
-8.498129e-03 
-1.159431e-02 
-1.503169e-02 
-1.882818e-02 
-2.271913e-02 
-2.533444e-02 
-2.507510e-02 
-2.162691e-02 
-1.607995e-02 
-9.996490e-03 
-4.450004e-03 
3.373490e-04 
4.684337e-03 
8.848498e-03 
1.286897e-02 
1.670405e-02 
2.034352e-02 
2.379130e-02 
2.659108e-02 
2.777738e-02 
2.685707e-02 
2.425830e-02 
2.100771e-02 
1.823905e-02 
1.659463e-02 
1.596345e-02 
1.576730e-02 
1.543989e-02 
1.466130e-02 
1.328559e-02 
1.136426e-02 
9.121464e-03 
6.839461e-03 
4.945851e-03 
3.921685e-03 
3.893090e-03 
4.553615e-03 
5.425827e-03 
6.158457e-03 
6.521136e-03 
6.118309e-03 
4.654227e-03 
2.247968e-03 
-6.602546e-04 
-3.553309e-03 
-5.925408e-03 
-7.512932e-03 
-8.456358e-03 
-9.280577e-03 
-1.063099e-02 
-1.280737e-02 
-1.563338e-02 
-1.866161e-02 
-2.107163e-02 
-2.169129e-02 
-1.998029e-02 
-1.650299e-02 
-1.262389e-02 
-9.590986e-03 
-7.802623e-03 
-6.840882e-03 
-5.994701e-03 
-4.659754e-03 
-2.347634e-03 
1.089167e-03 
5.345269e-03 
9.900296e-03 
1.434537e-02 
1.854798e-02 
2.260572e-02 
2.668914e-02 
3.088871e-02 
3.469891e-02 
3.651835e-02 
3.505982e-02 
3.053150e-02 
2.432877e-02 
1.798052e-02 
1.232577e-02 
7.358186e-03 
2.615715e-03 
-2.029374e-03 
-5.977319e-03 
-8.637976e-03 
-1.001494e-02 
-1.066850e-02 
-1.135604e-02 
-1.257274e-02 
-1.434516e-02 
-1.631551e-02 
-1.798376e-02 
-1.904813e-02 
-1.912648e-02 
-1.732593e-02 
-1.310366e-02 
-6.871804e-03 
3.274198e-04 
7.517104e-03 
1.423903e-02 
2.026913e-02 
2.464826e-02 
2.633071e-02 
2.531479e-02 
2.263344e-02 
1.957362e-02 
1.696585e-02 
1.521273e-02 
1.461824e-02 
1.517396e-02 
1.645336e-02 
1.779437e-02 
1.870696e-02 
1.907823e-02 
1.880404e-02 
1.760452e-02 
1.534995e-02 
1.200631e-02 
7.614490e-03 
2.424314e-03 
-3.173959e-03 
-8.837499e-03 
-1.439915e-02 
-1.986510e-02 
-2.531035e-02 
-3.035995e-02 
-3.365985e-02 
-3.409040e-02 
-3.182035e-02 
-2.806022e-02 
-2.414836e-02 
-2.082837e-02 
-1.810656e-02 
-1.552700e-02 
-1.245885e-02 
-8.496323e-03 
-3.717639e-03 
1.357231e-03 
5.928005e-03 
9.416025e-03 
1.154057e-02 
1.222045e-02 
1.174021e-02 
1.057454e-02 
8.764349e-03 
5.949558e-03 
1.970701e-03 
-2.898962e-03 
-8.150763e-03 
-1.335447e-02 
-1.831286e-02 
-2.280559e-02 
-2.644482e-02 
-2.906786e-02 
-3.091516e-02 
-3.244035e-02 
-3.402104e-02 
-3.579949e-02 
-3.751521e-02 
-3.798684e-02 
-3.591426e-02 
-3.111453e-02 
-2.456832e-02 
-1.762960e-02 
-1.152492e-02 
-7.177317e-03 
-4.719693e-03 
-3.678413e-03 
-3.489239e-03 
-3.698559e-03 
-4.053454e-03 
-4.695903e-03 
-6.098230e-03 
-8.531178e-03 
-1.181052e-02 
-1.539547e-02 
-1.827515e-02 
-1.939428e-02 
-1.851488e-02 
-1.629902e-02 
-1.372860e-02 
-1.148878e-02 
-9.622138e-03 
-7.501085e-03 
-4.453822e-03 
-3.317209e-04 
4.485685e-03 
9.446209e-03 
1.417551e-02 
1.860641e-02 
2.275176e-02 
2.572333e-02 
2.601459e-02 
2.307185e-02 
1.774453e-02 
1.154238e-02 
5.660953e-03 
4.973991e-04 
-4.218735e-03 
-8.976571e-03 
-1.407119e-02 
-1.908799e-02 
-2.274328e-02 
-2.406951e-02 
-2.323149e-02 
-2.124920e-02 
-1.921674e-02 
-1.770988e-02 
-1.652024e-02 
-1.474008e-02 
-1.159879e-02 
-7.071301e-03 
-1.756422e-03 
3.627114e-03 
8.656353e-03 
1.315470e-02 
1.677315e-02 
1.923007e-02 
2.066059e-02 
2.150544e-02 
2.207712e-02 
2.240915e-02 
2.244496e-02 
2.219367e-02 
2.170795e-02 
2.076579e-02 
1.893884e-02 
1.608145e-02 
1.247354e-02 
8.585354e-03 
4.724110e-03 
8.998139e-04 
-3.020241e-03 
-7.132265e-03 
-1.142464e-02 
-1.580823e-02 
-2.018726e-02 
-2.449877e-02 
-2.836342e-02 
-3.065159e-02 
-3.047419e-02 
-2.802957e-02 
-2.436525e-02 
-2.059638e-02 
-1.719690e-02 
-1.385849e-02 
-1.005120e-02 
-5.544176e-03 
-8.369757e-04 
2.495078e-03 
3.058631e-03 
8.269037e-04 
-3.035882e-03 
-7.113186e-03 
-1.052110e-02 
-1.315385e-02 
-1.535630e-02 
-1.722532e-02 
-1.854497e-02 
-1.915123e-02 
-1.885899e-02 
-1.742803e-02 
-1.489866e-02 
-1.165451e-02 
-8.221043e-03 
-5.285944e-03 
-3.527891e-03 
-3.098787e-03 
-3.563854e-03 
-4.275943e-03 
-4.703301e-03 
-4.337116e-03 
-2.863523e-03 
-4.251749e-04 
2.505163e-03 
5.448839e-03 
8.045996e-03 
1.000128e-02 
1.124732e-02 
1.192616e-02 
1.214312e-02 
1.196267e-02 
1.146271e-02 
1.035633e-02 
7.808929e-03 
3.314587e-03 
-2.802349e-03 
-9.682157e-03 
-1.651963e-02 
-2.293138e-02 
-2.851563e-02 
-3.210029e-02 
-3.276300e-02 
-3.078792e-02 
-2.744588e-02 
-2.419957e-02 
-2.189430e-02 
-2.050236e-02 
-1.946236e-02 
-1.807473e-02 
-1.567983e-02 
-1.205092e-02 
-7.521421e-03 
-2.686578e-03 
1.831193e-03 
5.058309e-03 
6.158602e-03 
5.201658e-03 
3.157614e-03 
1.310529e-03 
4.449536e-04 
5.333261e-04 
1.030010e-03 
1.374045e-03 
1.338254e-03 
1.208541e-03 
1.561999e-03 
2.736086e-03 
4.615586e-03 
6.796173e-03 
8.865628e-03 
1.044273e-02 
1.118809e-02 
1.106633e-02 
1.033951e-02 
9.043104e-03 
6.823384e-03 
3.473666e-03 
-7.601342e-04 
-5.053664e-03 
-8.308802e-03 
-9.990429e-03 
-1.036378e-02 
-1.005189e-02 
-9.603900e-03 
-9.290163e-03 
-9.104677e-03 
-8.744138e-03 
-7.491555e-03 
-4.786041e-03 
-7.259369e-04 
4.066662e-03 
8.886013e-03 
1.287648e-02 
1.494805e-02 
1.466387e-02 
1.261166e-02 
9.957998e-03 
7.695291e-03 
6.164303e-03 
5.114522e-03 
4.086194e-03 
2.855237e-03 
1.856764e-03 
1.797380e-03 
2.953233e-03 
4.977743e-03 
7.156482e-03 
8.906327e-03 
1.008255e-02 
1.096806e-02 
1.213363e-02 
1.403020e-02 
1.667938e-02 
1.975019e-02 
2.274081e-02 
2.486761e-02 
2.548666e-02 
2.463617e-02 
2.294281e-02 
2.110336e-02 
1.928001e-02 
1.710287e-02 
1.422104e-02 
1.065374e-02 
6.889382e-03 
3.605746e-03 
1.150207e-03 
-6.215878e-04 
-2.125838e-03 
-3.732591e-03 
-5.583421e-03 
-7.511816e-03 
-8.630663e-03 
-7.740560e-03 
-4.463456e-03 
5.130610e-04 
6.045246e-03 
1.126652e-02 
1.592496e-02 
2.025843e-02 
2.464385e-02 
2.919142e-02 
3.339120e-02 
3.650997e-02 
3.802482e-02 
3.792223e-02 
3.673498e-02 
3.518983e-02 
3.380507e-02 
3.268292e-02 
3.144427e-02 
2.956601e-02 
2.685388e-02 
2.353438e-02 
2.002333e-02 
1.664468e-02 
1.349702e-02 
1.059253e-02 
8.152227e-03 
6.414626e-03 
5.381546e-03 
5.106757e-03 
5.900618e-03 
7.889284e-03 
1.078756e-02 
1.408303e-02 
1.734432e-02 
2.031856e-02 
2.229161e-02 
2.210653e-02 
1.932227e-02 
1.460083e-02 
9.141825e-03 
3.909280e-03 
-7.568434e-04 
-4.725201e-03 
-7.182199e-03 
-7.302210e-03 
-5.168161e-03 
-1.698004e-03 
1.918307e-03 
4.330655e-03 
4.554179e-03 
2.656549e-03 
-4.306186e-04 
-3.642203e-03 
-6.330149e-03 
-8.240399e-03 
-9.424263e-03 
-1.016798e-02 
-1.071191e-02 
-1.100841e-02 
-1.090381e-02 
-1.034707e-02 
-9.358645e-03 
-8.005088e-03 
-6.413209e-03 
-4.727164e-03 
-3.048830e-03 
-1.421870e-03 
-5.375315e-05 
5.058193e-04 
-1.271420e-04 
-1.810706e-03 
-4.027356e-03 
-6.256214e-03 
-8.236026e-03 
-9.866526e-03 
-1.053280e-02 
-9.357581e-03 
-6.133524e-03 
-1.495877e-03 
3.592623e-03 
8.430973e-03 
1.283040e-02 
1.695925e-02 
2.052156e-02 
2.233886e-02 
2.158438e-02 
1.857234e-02 
1.442082e-02 
1.024761e-02 
6.608669e-03 
3.443966e-03 
3.825243e-04 
-2.831564e-03 
-5.755580e-03 
-7.477797e-03 
-7.547966e-03 
-6.304281e-03 
-4.519120e-03 
-2.929329e-03 
-2.209829e-03 
-2.784611e-03 
-4.521495e-03 
-6.869583e-03 
-9.254235e-03 
-1.122311e-02 
-1.198076e-02 
-1.077263e-02 
-7.630173e-03 
-3.325767e-03 
1.208070e-03 
5.349122e-03 
8.524812e-03 
1.012896e-02 
1.008132e-02 
8.928319e-03 
7.436038e-03 
6.144229e-03 
5.249591e-03 
4.738435e-03 
4.471103e-03 
4.275671e-03 
4.039212e-03 
3.728399e-03 
3.232587e-03 
2.307396e-03 
8.282545e-04 
-9.761686e-04 
-2.495409e-03 
-3.222784e-03 
-3.123533e-03 
-2.554529e-03 
-1.949198e-03 
-1.567574e-03 
-1.612176e-03 
-2.450468e-03 
-4.289935e-03 
-6.946040e-03 
-9.985610e-03 
-1.300586e-02 
-1.560591e-02 
-1.714447e-02 
-1.721801e-02 
-1.604173e-02 
-1.425230e-02 
-1.246445e-02 
-1.097126e-02 
-9.734105e-03 
-8.638308e-03 
-7.692523e-03 
-6.926473e-03 
-6.161114e-03 
-5.067034e-03 
-3.476364e-03 
-1.580675e-03 
1.551798e-04 
1.384670e-03 
2.098962e-03 
2.542943e-03 
2.996497e-03 
3.609095e-03 
4.313886e-03 
4.583716e-03 
3.690476e-03 
1.390019e-03 
-1.923151e-03 
-5.566868e-03 
-8.688221e-03 
-9.933410e-03 
-8.363098e-03 
-4.278580e-03 
1.087003e-03 
6.104124e-03 
9.152245e-03 
9.605775e-03 
8.126619e-03 
6.103088e-03 
4.907809e-03 
5.144455e-03 
6.492016e-03 
8.175237e-03 
9.490923e-03 
1.000183e-02 
9.676799e-03 
8.843477e-03 
7.924002e-03 
7.184224e-03 
6.652793e-03 
6.160158e-03 
5.228614e-03 
3.296160e-03 
2.248705e-04 
-3.617652e-03 
-7.411747e-03 
-9.802393e-03 
-9.831217e-03 
-7.686968e-03 
-4.412508e-03 
-1.140634e-03 
1.180231e-03 
1.866524e-03 
9.204406e-04 
-1.016453e-03 
-3.150442e-03 
-4.989071e-03 
-6.460621e-03 
-7.510616e-03 
-7.761786e-03 
-6.946004e-03 
-5.195524e-03 
-2.759808e-03 
2.597980e-04 
3.781940e-03 
7.477810e-03 
1.060916e-02 
1.259130e-02 
1.344685e-02 
1.366923e-02 
1.360515e-02 
1.305709e-02 
1.171315e-02 
9.558592e-03 
6.905344e-03 
4.470489e-03 
3.368518e-03 
4.244592e-03 
6.793887e-03 
1.011141e-02 
1.334442e-02 
1.596367e-02 
1.727740e-02 
1.668717e-02 
1.430891e-02 
1.089522e-02 
7.299444e-03 
4.034760e-03 
1.479699e-03 
2.806112e-04 
8.021022e-04 
2.730845e-03 
5.323471e-03 
7.899497e-03 
1.015409e-02 
1.215439e-02 
1.413298e-02 
1.627165e-02 
1.853452e-02 
2.016526e-02 
1.991689e-02 
1.724701e-02 
1.272124e-02 
7.475492e-03 
2.453715e-03 
-1.978286e-03 
-5.720819e-03 
-8.597088e-03 
-1.058425e-02 
-1.194479e-02 
-1.323008e-02 
-1.512230e-02 
-1.789046e-02 
-2.071018e-02 
-2.203290e-02 
-2.100153e-02 
-1.800830e-02 
-1.418238e-02 
-1.056537e-02 
-7.830105e-03 
-6.450232e-03 
-6.454361e-03 
-7.373110e-03 
-8.547862e-03 
-9.380999e-03 
-9.539016e-03 
-9.088170e-03 
-8.356962e-03 
-7.672751e-03 
-7.210703e-03 
-7.193679e-03 
-7.939840e-03 
-9.532963e-03 
-1.171457e-02 
-1.395233e-02 
-1.567429e-02 
-1.664989e-02 
-1.706457e-02 
-1.718446e-02 
-1.695669e-02 
-1.618821e-02 
-1.484685e-02 
-1.311290e-02 
-1.124599e-02 
-9.435055e-03 
-7.735437e-03 
-6.141090e-03 
-4.752398e-03 
-3.704598e-03 
-3.055776e-03 
-3.042204e-03 
-4.034480e-03 
-6.099766e-03 
-8.903108e-03 
-1.191613e-02 
-1.449497e-02 
-1.611493e-02 
-1.673133e-02 
-1.673943e-02 
-1.664348e-02 
-1.675655e-02 
-1.711079e-02 
-1.755846e-02 
-1.793575e-02 
-1.817173e-02 
-1.830005e-02 
-1.836959e-02 
-1.802885e-02 
-1.648544e-02 
-1.330353e-02 
-8.799732e-03 
-4.012498e-03 
-2.818344e-04 
1.706374e-03 
2.276069e-03 
2.369237e-03 
2.842504e-03 
4.003850e-03 
5.635696e-03 
7.286265e-03 
8.246361e-03 
7.673025e-03 
5.302570e-03 
1.644964e-03 
-2.448298e-03 
-6.313470e-03 
-9.533144e-03 
-1.177822e-02 
-1.301772e-02 
-1.346618e-02 
-1.337205e-02 
-1.296192e-02 
-1.243013e-02 
-1.199718e-02 
-1.185124e-02 
-1.202261e-02 
-1.239301e-02 
-1.277971e-02 
-1.279671e-02 
-1.188070e-02 
-9.800652e-03 
-6.948799e-03 
-4.208381e-03 
-2.295623e-03 
-1.315224e-03 
-8.361310e-04 
-2.321141e-04 
8.999383e-04 
2.556009e-03 
4.454652e-03 
6.208751e-03 
7.312795e-03 
7.434173e-03 
6.682047e-03 
5.486364e-03 
4.293728e-03 
3.386438e-03 
2.832082e-03 
2.545775e-03 
2.610309e-03 
3.296443e-03 
4.714980e-03 
6.687102e-03 
8.812716e-03 
1.055624e-02 
1.157580e-02 
1.193275e-02 
1.196588e-02 
1.200644e-02 
1.202624e-02 
1.161496e-02 
1.045087e-02 
8.582771e-03 
6.340745e-03 
4.081429e-03 
1.996423e-03 
9.593892e-05 
-1.569138e-03 
-2.826390e-03 
-3.595584e-03 
-3.953265e-03 
-3.909198e-03 
-3.378443e-03 
-2.369143e-03 
-1.042220e-03 
2.998098e-04 
1.322405e-03 
1.886128e-03 
2.086288e-03 
2.034093e-03 
1.737794e-03 
1.196803e-03 
4.650688e-04 
-3.656556e-04 
-1.213404e-03 
-2.033754e-03 
-2.748182e-03 
-3.173761e-03 
-3.187720e-03 
-2.844595e-03 
-2.324012e-03 
-1.883460e-03 
-1.953292e-03 
-2.873564e-03 
-4.601316e-03 
-6.778776e-03 
-8.979326e-03 
-1.084100e-02 
-1.220214e-02 
-1.316352e-02 
-1.396913e-02 
-1.482952e-02 
-1.579425e-02 
-1.671700e-02 
-1.741276e-02 
-1.775677e-02 
-1.765770e-02 
-1.713478e-02 
-1.633643e-02 
-1.545138e-02 
-1.460860e-02 
-1.383924e-02 
-1.310437e-02 
-1.235670e-02 
-1.161768e-02 
-1.096745e-02 
-1.045695e-02 
-1.006990e-02 
-9.835092e-03 
-1.002044e-02 
-1.089285e-02 
-1.243657e-02 
-1.436772e-02 
-1.624540e-02 
-1.765061e-02 
-1.844960e-02 
-1.873617e-02 
-1.844180e-02 
-1.740751e-02 
-1.566927e-02 
-1.351979e-02 
-1.153971e-02 
-1.033037e-02 
-1.006665e-02 
-1.045215e-02 
-1.099756e-02 
-1.123001e-02 
-1.085014e-02 
-9.884379e-03 
-8.607104e-03 
-7.321915e-03 
-6.191074e-03 
-5.204055e-03 
-4.265266e-03 
-3.353910e-03 
-2.553464e-03 
-1.933600e-03 
-1.542162e-03 
-1.624037e-03 
-2.467683e-03 
-4.082261e-03 
-6.178522e-03 
-8.176245e-03 
-9.069543e-03 
-8.126676e-03 
-5.486505e-03 
-1.949532e-03 
1.629800e-03 
4.795695e-03 
7.419279e-03 
9.313412e-03 
1.036733e-02 
1.073972e-02 
1.078567e-02 
1.089213e-02 
1.129125e-02 
1.197598e-02 
1.278368e-02 
1.345989e-02 
1.361489e-02 
1.298629e-02 
1.155735e-02 
9.387141e-03 
6.623835e-03 
3.512340e-03 
4.323918e-04 
-2.041417e-03 
-3.539805e-03 
-4.174068e-03 
-4.362584e-03 
-4.426039e-03 
-4.438147e-03 
-4.342927e-03 
-4.089404e-03 
-3.689713e-03 
-3.146762e-03 
-2.310457e-03 
-1.023433e-03 
6.968638e-04 
2.671839e-03 
4.692666e-03 
6.634488e-03 
8.465630e-03 
1.008880e-02 
1.133596e-02 
1.215605e-02 
1.266845e-02 
1.306851e-02 
1.350653e-02 
1.402432e-02 
1.452508e-02 
1.484377e-02 
1.489935e-02 
1.474566e-02 
1.451009e-02 
1.430306e-02 
1.416656e-02 
1.407943e-02 
1.399562e-02 
1.389217e-02 
1.386561e-02 
1.410349e-02 
1.469841e-02 
1.557651e-02 
1.655278e-02 
1.740188e-02 
1.798389e-02 
1.830989e-02 
1.822463e-02 
1.699735e-02 
1.400821e-02 
9.382199e-03 
3.851694e-03 
-1.670989e-03 
-6.151213e-03 
-8.900171e-03 
-9.994421e-03 
-9.788707e-03 
-8.556341e-03 
-6.584818e-03 
-4.195728e-03 
-1.636581e-03 
1.111182e-03 
4.264961e-03 
7.940516e-03 
1.197675e-02 
1.571836e-02 
1.833493e-02 
1.953307e-02 
1.970424e-02 
1.954151e-02 
1.957843e-02 
1.997204e-02 
2.057174e-02 
2.107825e-02 
2.118658e-02 
2.079996e-02 
2.013379e-02 
1.955157e-02 
1.928522e-02 
1.932594e-02 
1.950609e-02 
1.962162e-02 
1.931142e-02 
1.812538e-02 
1.593851e-02 
1.308232e-02 
1.037408e-02 
8.750056e-03 
8.555356e-03 
9.401992e-03 
1.057570e-02 
1.152474e-02 
1.206283e-02 
1.213047e-02 
1.165353e-02 
1.067714e-02 
9.387038e-03 
8.000677e-03 
6.671270e-03 
5.514717e-03 
4.601611e-03 
3.906038e-03 
3.396880e-03 
3.263472e-03 
3.750573e-03 
4.874412e-03 
6.403959e-03 
7.962625e-03 
9.080547e-03 
9.476037e-03 
9.235668e-03 
8.581193e-03 
7.438251e-03 
5.604998e-03 
3.230327e-03 
9.591750e-04 
-6.080391e-04 
-1.348107e-03 
-1.509851e-03 
-1.328427e-03 
-9.212016e-04 
-3.490312e-04 
3.464784e-04 
1.187430e-03 
2.251249e-03 
3.562533e-03 
5.054019e-03 
6.613791e-03 
8.152819e-03 
9.639524e-03 
1.102281e-02 
1.197128e-02 
1.208462e-02 
1.130982e-02 
1.003698e-02 
8.831248e-03 
8.042153e-03 
7.673558e-03 
7.614067e-03 
7.857577e-03 
8.416369e-03 
9.230610e-03 
1.014667e-02 
1.076410e-02 
1.059249e-02 
9.486255e-03 
7.777165e-03 
6.111560e-03 
5.000342e-03 
4.522780e-03 
4.413529e-03 
4.496742e-03 
5.022963e-03 
6.308077e-03 
8.363684e-03 
1.089588e-02 
1.343681e-02 
1.544662e-02 
1.664602e-02 
1.714774e-02 
1.706322e-02 
1.627711e-02 
1.474226e-02 
1.275153e-02 
1.091862e-02 
9.719243e-03 
9.193273e-03 
9.037719e-03 
8.867997e-03 
8.319983e-03 
7.160678e-03 
5.438002e-03 
3.415627e-03 
1.409937e-03 
-1.006842e-04 
-5.691905e-04 
1.433234e-04 
1.673393e-03 
3.458451e-03 
5.075367e-03 
6.202047e-03 
6.478886e-03 
5.799820e-03 
4.428571e-03 
2.808274e-03 
1.369054e-03 
3.784871e-04 
-1.734428e-04 
-4.996603e-04 
-8.349794e-04 
-1.300323e-03 
-1.880540e-03 
-2.476590e-03 
-2.918297e-03 
-3.044798e-03 
-2.836882e-03 
-2.418342e-03 
-1.954934e-03 
-1.562380e-03 
-1.417233e-03 
-1.885601e-03 
-3.197220e-03 
-5.223345e-03 
-7.595430e-03 
-9.936392e-03 
-1.163847e-02 
-1.173248e-02 
-9.744196e-03 
-6.106447e-03 
-1.766412e-03 
2.445690e-03 
6.004691e-03 
8.447365e-03 
9.617659e-03 
9.836807e-03 
9.682218e-03 
9.678772e-03 
1.006887e-02 
1.077721e-02 
1.157065e-02 
1.219000e-02 
1.217944e-02 
1.108131e-02 
8.871916e-03 
5.968359e-03 
2.907322e-03 
3.466046e-05 
-2.595274e-03 
-5.082144e-03 
-7.340321e-03 
-9.117091e-03 
-1.030294e-02 
-1.103613e-02 
-1.158058e-02 
-1.207960e-02 
-1.237904e-02 
-1.225282e-02 
-1.165612e-02 
-1.074745e-02 
-9.761958e-03 
-8.941864e-03 
-8.483956e-03 
-8.416133e-03 
-8.597883e-03 
-8.837123e-03 
-9.006381e-03 
-9.087010e-03 
-9.185544e-03 
-9.489436e-03 
-1.010342e-02 
-1.097857e-02 
-1.202324e-02 
-1.324339e-02 
-1.467877e-02 
-1.631317e-02 
-1.803474e-02 
-1.956638e-02 
-2.063404e-02 
-2.119503e-02 
-2.143527e-02 
-2.160789e-02 
-2.187817e-02 
-2.227180e-02 
-2.272013e-02 
-2.314020e-02 
-2.347892e-02 
-2.367843e-02 
-2.369687e-02 
-2.355657e-02 
-2.333112e-02 
-2.309655e-02 
-2.287708e-02 
-2.247467e-02 
-2.148492e-02 
-1.969261e-02 
-1.724978e-02 
-1.452429e-02 
-1.184514e-02 
-9.349693e-03 
-6.991163e-03 
-4.645013e-03 
-2.247936e-03 
-1.583815e-04 
8.543135e-04 
3.633188e-04 
-1.364052e-03 
-3.641800e-03 
-5.844956e-03 
-7.646733e-03 
-8.818332e-03 
-9.234228e-03 
-9.021022e-03 
-8.486291e-03 
-7.924205e-03 
-7.478726e-03 
-7.135079e-03 
-6.801504e-03 
-6.401573e-03 
-5.919537e-03 
-5.391045e-03 
-4.865372e-03 
-4.372549e-03 
-3.913044e-03 
-3.468106e-03 
-3.017436e-03 
-2.551456e-03 
-2.072925e-03 
-1.612250e-03 
-1.309750e-03 
-1.341109e-03 
-1.746113e-03 
-2.404535e-03 
-3.136836e-03 
-3.790439e-03 
-4.142828e-03 
-3.950456e-03 
-3.176511e-03 
-2.018297e-03 
-7.521403e-04 
4.313460e-04 
1.485842e-03 
2.337523e-03 
2.651987e-03 
2.140814e-03 
8.604911e-04 
-8.487737e-04 
-2.612749e-03 
-4.222057e-03 
-5.671358e-03 
-7.071863e-03 
-8.533266e-03 
-1.003074e-02 
-1.119289e-02 
-1.156698e-02 
-1.105172e-02 
-9.940475e-03 
-8.705420e-03 
-7.891433e-03 
-7.881471e-03 
-8.648394e-03 
-9.840230e-03 
-1.103355e-02 
-1.174549e-02 
-1.153335e-02 
-1.034021e-02 
-8.515024e-03 
-6.533143e-03 
-4.712474e-03 
-3.111449e-03 
-1.614507e-03 
-1.733754e-04 
1.053046e-03 
1.902640e-03 
2.381915e-03 
2.704452e-03 
3.211935e-03 
4.125396e-03 
5.416681e-03 
6.889049e-03 
8.340095e-03 
9.669967e-03 
1.083695e-02 
1.175996e-02 
1.239500e-02 
1.277208e-02 
1.279862e-02 
1.226541e-02 
1.111508e-02 
9.541393e-03 
7.941655e-03 
6.686118e-03 
5.901807e-03 
5.552599e-03 
5.545796e-03 
5.750254e-03 
6.036604e-03 
6.322673e-03 
6.566549e-03 
6.659776e-03 
6.461746e-03 
5.937267e-03 
5.136031e-03 
4.108915e-03 
2.913620e-03 
1.620003e-03 
2.908185e-04 
-1.037320e-03 
-2.356339e-03 
-3.674763e-03 
-4.986336e-03 
-6.093878e-03 
-6.605720e-03 
-6.317704e-03 
-5.385736e-03 
-4.175060e-03 
-3.009823e-03 
-2.054200e-03 
-1.448452e-03 
-1.314905e-03 
-1.621678e-03 
-2.190482e-03 
-2.817039e-03 
-3.377297e-03 
-3.810477e-03 
-4.025882e-03 
-3.966854e-03 
-3.678251e-03 
-3.274716e-03 
-2.865653e-03 
-2.544593e-03 
-2.479694e-03 
-2.814698e-03 
-3.529104e-03 
-4.460757e-03 
-5.425626e-03 
-6.317523e-03 
-7.130659e-03 
-7.918430e-03 
-8.735511e-03 
-9.602372e-03 
-1.050419e-02 
-1.141132e-02 
-1.228537e-02 
-1.292049e-02 
-1.293589e-02 
-1.214610e-02 
-1.072077e-02 
-9.028492e-03 
-7.388085e-03 
-5.926125e-03 
-4.591275e-03 
-3.261450e-03 
-1.848376e-03 
-3.410536e-04 
1.207927e-03 
2.668286e-03 
3.867732e-03 
4.737954e-03 
5.361228e-03 
5.893923e-03 
6.462630e-03 
7.110290e-03 
7.808167e-03 
8.486337e-03 
9.005533e-03 
9.227832e-03 
9.141552e-03 
8.862210e-03 
8.540737e-03 
8.265994e-03 
7.984164e-03 
7.552297e-03 
6.888161e-03 
6.028706e-03 
5.083419e-03 
4.154171e-03 
3.298947e-03 
2.640937e-03 
2.372323e-03 
2.559299e-03 
3.079931e-03 
3.722783e-03 
4.278167e-03 
4.556144e-03 
4.486714e-03 
4.158153e-03 
3.735389e-03 
3.350410e-03 
3.046447e-03 
2.791721e-03 
2.526187e-03 
2.123572e-03 
1.349701e-03 
6.638670e-05 
-1.623674e-03 
-3.348137e-03 
-4.678153e-03 
-5.425817e-03 
-5.542530e-03 
-4.965482e-03 
-3.655456e-03 
-1.678126e-03 
7.542492e-04 
3.375078e-03 
5.960023e-03 
8.216518e-03 
9.842301e-03 
1.078151e-02 
1.113377e-02 
1.092684e-02 
1.020654e-02 
9.119550e-03 
7.863550e-03 
6.594430e-03 
5.376561e-03 
4.196183e-03 
3.009459e-03 
1.786085e-03 
5.257085e-04 
-7.506575e-04 
-1.956376e-03 
-2.741513e-03 
-2.717090e-03 
-1.835740e-03 
-4.068958e-04 
1.153037e-03 
2.527626e-03 
3.452939e-03 
3.787327e-03 
3.626229e-03 
3.224307e-03 
2.823479e-03 
2.536541e-03 
2.342605e-03 
2.158454e-03 
1.916931e-03 
1.613257e-03 
1.384048e-03 
1.476339e-03 
2.019722e-03 
2.929357e-03 
3.995745e-03 
5.031728e-03 
5.959860e-03 
6.768504e-03 
7.319007e-03 
7.421768e-03 
7.049997e-03 
6.364435e-03 
5.588259e-03 
4.875460e-03 
4.261053e-03 
3.694748e-03 
3.105220e-03 
2.385806e-03 
1.360561e-03 
-6.558053e-05 
-1.817458e-03 
-3.715752e-03 
-5.598270e-03 
-7.378783e-03 
-8.989613e-03 
-1.038809e-02 
-1.160275e-02 
-1.263017e-02 
-1.323578e-02 
-1.317112e-02 
-1.235371e-02 
-1.078601e-02 
-8.601277e-03 
-6.126806e-03 
-3.929092e-03 
-2.476320e-03 
-1.839141e-03 
-1.821626e-03 
-2.151731e-03 
-2.594736e-03 
-3.017758e-03 
-3.324554e-03 
-3.378867e-03 
-3.062548e-03 
-2.316242e-03 
-1.203162e-03 
1.159119e-04 
1.468521e-03 
2.677914e-03 
3.592428e-03 
4.153707e-03 
4.334086e-03 
4.159490e-03 
3.742053e-03 
3.259148e-03 
2.883656e-03 
2.686587e-03 
2.623164e-03 
2.601829e-03 
2.589382e-03 
2.629251e-03 
2.768152e-03 
3.007414e-03 
3.307378e-03 
3.618880e-03 
3.893081e-03 
3.946726e-03 
3.489761e-03 
2.410205e-03 
8.662061e-04 
-8.525017e-04 
-2.512824e-03 
-4.034754e-03 
-5.468564e-03 
-6.908876e-03 
-8.416649e-03 
-9.930864e-03 
-1.114653e-02 
-1.174934e-02 
-1.170616e-02 
-1.125981e-02 
-1.072899e-02 
-1.031958e-02 
-1.006273e-02 
-9.872699e-03 
-9.647312e-03 
-9.338046e-03 
-8.961143e-03 
-8.565792e-03 
-8.193505e-03 
-7.814652e-03 
-7.234576e-03 
-6.245738e-03 
-4.824419e-03 
-3.130892e-03 
-1.395398e-03 
1.032152e-04 
1.133424e-03 
1.681553e-03 
1.919123e-03 
1.991167e-03 
1.937855e-03 
1.759887e-03 
1.472369e-03 
1.113483e-03 
7.277912e-04 
3.755990e-04 
1.731740e-04 
2.108224e-04 
4.722045e-04 
8.560407e-04 
1.251808e-03 
1.598778e-03 
1.895118e-03 
2.159281e-03 
2.400758e-03 
2.623105e-03 
2.830237e-03 
3.027443e-03 
3.219770e-03 
3.410433e-03 
3.585398e-03 
3.663327e-03 
3.549702e-03 
3.230583e-03 
2.778449e-03 
2.292910e-03 
1.841016e-03 
1.398192e-03 
7.065133e-04 
-5.703232e-04 
-2.522298e-03 
-4.937864e-03 
-7.399453e-03 
-9.389863e-03 
-1.062320e-02 
-1.112818e-02 
-1.099634e-02 
-1.034947e-02 
-9.372078e-03 
-8.257737e-03 
-7.136547e-03 
-6.049285e-03 
-4.974535e-03 
-3.884857e-03 
-2.950837e-03 
-2.665208e-03 
-3.384813e-03 
-5.008209e-03 
-7.098172e-03 
-9.203465e-03 
-1.109098e-02 
-1.273032e-02 
-1.412294e-02 
-1.528432e-02 
-1.616990e-02 
-1.647727e-02 
-1.592422e-02 
-1.456227e-02 
-1.273465e-02 
-1.082987e-02 
-9.093534e-03 
-7.656855e-03 
-6.559626e-03 
-5.723407e-03 
-5.003026e-03 
-4.275072e-03 
-3.489968e-03 
-2.665745e-03 
-1.846631e-03 
-1.082778e-03 
-5.278466e-04 
-3.889854e-04 
-7.192881e-04 
-1.375506e-03 
-2.135616e-03 
-2.836331e-03 
-3.432115e-03 
-3.915751e-03 
-4.164165e-03 
-4.043765e-03 
-3.562496e-03 
-2.863122e-03 
-2.117137e-03 
-1.430257e-03 
-8.160848e-04 
-2.298708e-04 
3.788165e-04 
1.031490e-03 
1.717233e-03 
2.406903e-03 
3.023532e-03 
3.434535e-03 
3.571386e-03 
3.488022e-03 
3.315171e-03 
3.218565e-03 
3.336699e-03 
3.692200e-03 
4.196872e-03 
4.729957e-03 
5.213071e-03 
5.625126e-03 
5.936585e-03 
6.104137e-03 
6.126565e-03 
6.059949e-03 
6.010178e-03 
6.074415e-03 
6.275783e-03 
6.565397e-03 
6.862864e-03 
7.054519e-03 
7.035566e-03 
6.794603e-03 
6.413969e-03 
6.002923e-03 
5.668166e-03 
5.609823e-03 
6.017194e-03 
6.887278e-03 
8.035938e-03 
9.238503e-03 
1.035700e-02 
1.137558e-02 
1.235184e-02 
1.326434e-02 
1.390900e-02 
1.410968e-02 
1.388921e-02 
1.343314e-02 
1.293126e-02 
1.239084e-02 
1.167374e-02 
1.073721e-02 
9.779926e-03 
9.055454e-03 
8.659785e-03 
8.503477e-03 
8.416447e-03 
8.239739e-03 
7.848725e-03 
7.212765e-03 
6.407243e-03 
5.550140e-03 
4.728848e-03 
4.013477e-03 
3.548558e-03 
3.448946e-03 
3.681701e-03 
4.095676e-03 
4.529638e-03 
5.614969e-03 
5.891150e-03 
5.960202e-03 
5.656617e-03 
4.944204e-03 
3.950609e-03 
2.866336e-03 
1.829899e-03 
9.033780e-04 
1.522017e-04 
-3.756488e-04 
-7.083918e-04 
-9.348716e-04 
-1.148060e-03 
-1.412422e-03 
-1.751444e-03 
-2.146637e-03 
-2.559706e-03 
-2.942042e-03 
-3.106369e-03 
-2.760183e-03 
-1.791960e-03 
-3.617339e-04 
1.239344e-03 
2.778012e-03 
4.174823e-03 
5.442187e-03 
6.435410e-03 
6.903894e-03 
6.774622e-03 
6.219812e-03 
5.516269e-03 
4.882407e-03 
4.488095e-03 
4.485844e-03 
4.892951e-03 
5.571293e-03 
6.329688e-03 
7.035582e-03 
7.658186e-03 
8.234925e-03 
8.731448e-03 
8.969902e-03 
8.819468e-03 
8.322438e-03 
7.646752e-03 
6.963959e-03 
6.361845e-03 
5.834060e-03 
5.335033e-03 
4.910888e-03 
4.708494e-03 
4.811876e-03 
5.167129e-03 
5.636212e-03 
6.092707e-03 
6.481001e-03 
6.812962e-03 
7.081378e-03 
7.186879e-03 
7.044048e-03 
6.671972e-03 
6.173793e-03 
5.661336e-03 
5.201536e-03 
4.857558e-03 
4.715854e-03 
4.803936e-03 
5.059220e-03 
5.377132e-03 
5.665210e-03 
5.814605e-03 
5.722597e-03 
5.382364e-03 
4.885727e-03 
4.352276e-03 
3.860055e-03 
3.431514e-03 
3.125925e-03 
3.057331e-03 
3.270423e-03 
3.694434e-03 
4.200760e-03 
4.670250e-03 
4.921129e-03 
4.730830e-03 
4.040126e-03 
3.000131e-03 
1.848437e-03 
7.616395e-04 
-2.099048e-04 
-1.097375e-03 
-1.903490e-03 
-2.598782e-03 
-3.168421e-03 
-3.541332e-03 
-3.567516e-03 
-3.185545e-03 
-2.494508e-03 
-1.678349e-03 
-8.902601e-04 
-1.889976e-04 
4.430991e-04 
9.296537e-04 
1.011285e-03 
5.165966e-04 
-4.714027e-04 
-1.697412e-03 
-2.880664e-03 
-3.726194e-03 
-4.049560e-03 
-3.907943e-03 
-3.531196e-03 
-3.153118e-03 
-2.899006e-03 
-2.808573e-03 
-2.871346e-03 
-3.033712e-03 
-3.228832e-03 
-3.408835e-03 
-3.515089e-03 
-3.438819e-03 
-3.115388e-03 
-2.586529e-03 
-1.962567e-03 
-1.346616e-03 
-7.887554e-04 
-3.735424e-04 
-3.501557e-04 
-9.115382e-04 
-1.999533e-03 
-3.355478e-03 
-4.579528e-03 
-5.225276e-03 
-5.118599e-03 
-4.451028e-03 
-3.588668e-03 
-2.823925e-03 
-2.251236e-03 
-1.798783e-03 
-1.341368e-03 
-8.079933e-04 
-2.837012e-04 
3.582888e-05 
3.699088e-05 
-2.309059e-04 
-6.185792e-04 
-9.861884e-04 
-1.271796e-03 
-1.491984e-03 
-1.698721e-03 
-1.925640e-03 
-2.133890e-03 
-2.244279e-03 
-2.222252e-03 
-2.137202e-03 
-2.131222e-03 
-2.297515e-03 
-2.622713e-03 
-3.020581e-03 
-3.361842e-03 
-3.476894e-03 
-3.274827e-03 
-2.812662e-03 
-2.237415e-03 
-1.695004e-03 
-1.334641e-03 
-1.273486e-03 
-1.503251e-03 
-1.902639e-03 
-2.328286e-03 
-2.694472e-03 
-2.974586e-03 
-3.060197e-03 
-2.775863e-03 
-2.071641e-03 
-1.072280e-03 
2.292240e-05 
1.063119e-03 
2.002069e-03 
2.876360e-03 
3.728666e-03 
4.500110e-03 
5.079951e-03 
5.429216e-03 
5.609003e-03 
5.714460e-03 
5.760980e-03 
5.688858e-03 
5.460761e-03 
5.105081e-03 
4.691502e-03 
4.286116e-03 
3.955899e-03 
3.790977e-03 
3.833570e-03 
4.038390e-03 
4.310727e-03 
4.568763e-03 
4.779408e-03 
4.955349e-03 
5.146427e-03 
5.434039e-03 
5.861731e-03 
6.347274e-03 
6.708573e-03 
6.825162e-03 
6.717750e-03 
6.502351e-03 
6.280782e-03 
5.984259e-03 
5.418758e-03 
4.485666e-03 
3.268367e-03 
1.980809e-03 
8.309530e-04 
-1.025951e-04 
-8.765789e-04 
-1.603460e-03 
-2.367220e-03 
-3.186553e-03 
-4.029688e-03 
-4.852731e-03 
-5.630454e-03 
-6.364424e-03 
-7.071733e-03 
-7.728233e-03 
-8.192533e-03 
-8.331288e-03 
-8.152979e-03 
-7.791303e-03 
-7.402497e-03 
-7.079152e-03 
-6.828914e-03 
-6.608147e-03 
-6.387176e-03 
-6.218225e-03 
-6.182602e-03 
-6.303547e-03 
-6.532541e-03 
-6.792473e-03 
-7.026208e-03 
-7.217128e-03 
-7.347640e-03 
-7.303194e-03 
-6.960872e-03 
-6.321406e-03 
-5.505407e-03 
-4.661661e-03 
-3.884761e-03 
-3.230289e-03 
-2.786836e-03 
-2.606590e-03 
-2.642353e-03 
-2.766532e-03 
-2.810904e-03 
-2.663891e-03 
-2.334273e-03 
-1.916249e-03 
-1.510292e-03 
-1.166735e-03 
-8.784552e-04 
-6.088439e-04 
-3.258553e-04 
-2.004056e-05 
2.959813e-04 
5.731581e-04 
7.300532e-04 
7.263647e-04 
5.955056e-04 
4.124127e-04 
2.431527e-04 
1.289017e-04 
9.287279e-05 
1.287106e-04 
1.930646e-04 
2.080951e-04 
1.166250e-04 
-7.710284e-05 
-3.212186e-04 
-5.342438e-04 
-6.212356e-04 
-5.416597e-04 
-3.354611e-04 
-8.394595e-05 
1.454279e-04 
3.284466e-04 
4.786996e-04 
6.232030e-04 
7.799492e-04 
9.397372e-04 
1.055258e-03 
1.083133e-03 
1.022766e-03 
9.073932e-04 
7.370769e-04 
4.551290e-04 
2.686687e-05 
-4.948655e-04 
-9.435976e-04 
-1.161839e-03 
-1.124861e-03 
-9.314807e-04 
-7.136887e-04 
-5.554831e-04 
-4.828487e-04 
-5.222460e-04 
-6.922065e-04 
-9.690502e-04 
-1.296914e-03 
-1.621837e-03 
-1.916297e-03 
-2.180951e-03 
-2.430605e-03 
-2.677574e-03 
-2.904036e-03 
-3.042527e-03 
-3.040244e-03 
-2.909377e-03 
-2.711769e-03 
-2.512979e-03 
-2.354834e-03 
-2.271866e-03 
-2.282381e-03 
-2.368789e-03 
-2.489206e-03 
-2.595992e-03 
-2.640534e-03 
-2.600414e-03 
-2.493762e-03 
-2.361033e-03 
-2.240231e-03 
-2.164183e-03 
-2.150811e-03 
-2.189978e-03 
-2.252621e-03 
-2.310678e-03 
-2.339467e-03 
-2.294042e-03 
-2.139582e-03 
-1.888692e-03 
-1.591214e-03 
-1.299162e-03 
-1.040351e-03 
-8.146802e-04 
-6.070490e-04 
-4.078228e-04 
-2.360813e-04 
-1.214626e-04 
-7.127003e-05 
-6.572070e-05 
-7.169446e-05 
-5.620277e-05 
-4.162506e-06 
7.594608e-05 
1.634909e-04 
2.397171e-04 
2.833743e-04 
2.707232e-04 
1.982966e-04 
8.743125e-05 
-3.173966e-05 
-1.379743e-04 
-2.248448e-04 
-2.908994e-04 
-3.344972e-04 
-3.584622e-04 
-3.703086e-04 
-3.780487e-04 
-3.864894e-04 
-3.964397e-04 
-4.063390e-04 
-4.144525e-04 
-4.201737e-04 
-4.240606e-04 
-4.271327e-04 
-4.301228e-04 
-4.344609e-04 
-4.520725e-04 
-5.017220e-04 
-5.883268e-04 
-6.981457e-04 
-8.099344e-04 
-9.080568e-04 
-9.879980e-04 
-1.051310e-03 
-1.094178e-03 
-1.111419e-03 
-1.104762e-03 
-1.077524e-03 
-1.027815e-03 
-9.563068e-04 
-8.705938e-04 
-7.815071e-04 
-6.974167e-04 
-6.214930e-04 
-5.547903e-04 
-5.021945e-04 
-4.675523e-04 
-4.482561e-04 
-4.368688e-04 
-4.260473e-04 
-4.120021e-04 
-3.947838e-04 
-3.763929e-04 
-3.586633e-04 
-3.421597e-04 
-3.255782e-04 
-3.025113e-04 
-2.651055e-04 
-2.125309e-04 
-1.516346e-04 
-9.150309e-05 
-3.814911e-05 
7.116636e-06 
4.509393e-05 
7.649979e-05 
1.016652e-04 
1.184287e-04 
1.246079e-04 
1.213629e-04 
1.103935e-04 
9.214857e-05 
6.843383e-05 
4.295964e-05 
2.037089e-05 
6.099607e-06 
3.088987e-06 
9.842655e-06 
2.389605e-05 
4.379589e-05 
6.772653e-05 
9.321132e-05 
1.179814e-04 
1.406995e-04 
1.598567e-04 
1.728291e-04 
1.786801e-04 
1.794689e-04 
1.787000e-04 
1.791541e-04 
1.818267e-04 
1.862467e-04 
1.916764e-04 
1.981222e-04 
2.058506e-04 
2.147515e-04 
2.243819e-04 
2.347857e-04 
2.464897e-04 
2.594870e-04 
2.730020e-04 
2.860186e-04 
2.978474e-04 
3.083356e-04 
3.177035e-04 
3.262604e-04 
3.342046e-04 
3.416069e-04 
3.484452e-04 
3.546583e-04 
3.602074e-04 
3.651066e-04 
3.694135e-04 
3.731979e-04 
3.765185e-04 
3.794139e-04 
3.819057e-04 
3.839486e-04 
3.853898e-04 
3.861804e-04 
3.864751e-04 
3.865283e-04 
3.865424e-04 
3.865954e-04 
3.866633e-04 
3.866871e-04 
3.866130e-04 
3.863646e-04 
3.858943e-04 
3.852542e-04 
3.845586e-04 
3.839074e-04 
3.833426e-04 
3.828808e-04 
3.825397e-04 
3.822917e-04 
3.820597e-04 
3.817640e-04 
3.813585e-04 
3.808380e-04 
3.802192e-04 
3.795121e-04 
3.787127e-04 
3.778224e-04 
3.768432e-04 
3.757773e-04 
3.746390e-04 
3.734539e-04 
3.722526e-04 
3.710594e-04 
3.698675e-04 
3.686458e-04 
3.673617e-04 
3.659991e-04 
3.645590e-04 
3.630510e-04 
3.614847e-04 
3.598649e-04 
3.581927e-04 
3.564675e-04 
3.546899e-04 
3.528614e-04 
3.509845e-04 
3.490613e-04 
3.470939e-04 
3.450836e-04 
3.430312e-04 
3.409379e-04 
3.388048e-04 
3.366328e-04 
3.344230e-04 
3.321764e-04 
3.298938e-04 
3.275759e-04 
3.252236e-04 
3.228377e-04 
3.204191e-04 
3.179683e-04 
3.154862e-04 
3.129733e-04 
3.104303e-04 
3.078580e-04 
3.052568e-04 
3.026277e-04 
2.999712e-04 
2.972880e-04 
2.945788e-04 
2.918442e-04 
2.890850e-04 
2.863019e-04 
2.834954e-04 
2.806662e-04 
