1 
1.000000e-02 
-1.637588e-06 
-1.837871e-06 
-2.023759e-06 
-2.224352e-06 
-2.414082e-06 
-2.612631e-06 
-2.808923e-06 
-3.015456e-06 
-3.215697e-06 
-3.417918e-06 
-3.615702e-06 
-3.808062e-06 
-3.988287e-06 
-4.169715e-06 
-4.350430e-06 
-4.548024e-06 
-4.770849e-06 
-5.071288e-06 
-5.453605e-06 
-5.892587e-06 
-6.309496e-06 
-6.707281e-06 
-7.060245e-06 
-7.399062e-06 
-7.635883e-06 
-7.692228e-06 
-7.591056e-06 
-7.411078e-06 
-7.182203e-06 
-7.031741e-06 
-6.846169e-06 
-6.768373e-06 
-6.900174e-06 
-6.923018e-06 
-6.772663e-06 
-6.580290e-06 
-6.469845e-06 
-6.774106e-06 
-7.965967e-06 
-9.880001e-06 
-1.155079e-05 
-1.349862e-05 
-1.630720e-05 
-1.935980e-05 
-2.353372e-05 
-2.828254e-05 
-3.184292e-05 
-3.390439e-05 
-3.431512e-05 
-3.104094e-05 
-2.405356e-05 
-1.407168e-05 
-3.486323e-06 
7.243238e-06 
1.764738e-05 
2.428995e-05 
2.223354e-05 
1.045655e-05 
-6.994812e-06 
-3.021415e-05 
-5.428188e-05 
-6.958293e-05 
-7.447294e-05 
-6.983036e-05 
-5.728039e-05 
-4.320068e-05 
-3.287763e-05 
-2.741621e-05 
-2.324983e-05 
-1.852634e-05 
-2.119514e-05 
-3.491253e-05 
-5.673768e-05 
-8.486292e-05 
-1.133692e-04 
-1.429622e-04 
-1.731320e-04 
-2.011466e-04 
-2.257179e-04 
-2.454326e-04 
-2.504369e-04 
-2.251530e-04 
-1.773359e-04 
-1.136117e-04 
-3.860478e-05 
9.644482e-06 
2.325225e-06 
-5.733872e-05 
-1.432658e-04 
-2.466694e-04 
-3.287632e-04 
-3.397091e-04 
-2.869200e-04 
-1.958977e-04 
-8.759952e-05 
6.146572e-06 
8.504379e-05 
1.305893e-04 
1.089252e-04 
2.404610e-05 
-8.998338e-05 
-1.860107e-04 
-2.697390e-04 
-3.220824e-04 
-3.103850e-04 
-2.120600e-04 
-3.246867e-05 
1.788991e-04 
3.566932e-04 
4.688931e-04 
5.335990e-04 
5.293361e-04 
4.848618e-04 
3.761247e-04 
2.035286e-04 
6.337580e-05 
-1.950676e-05 
9.567691e-06 
1.982073e-04 
4.501051e-04 
6.084641e-04 
5.908296e-04 
3.683882e-04 
4.300314e-05 
-2.714901e-04 
-4.826066e-04 
-5.629428e-04 
-5.687451e-04 
-5.454394e-04 
-5.081716e-04 
-5.087800e-04 
-5.696969e-04 
-6.347446e-04 
-7.190673e-04 
-7.949238e-04 
-8.253214e-04 
-8.027977e-04 
-6.509132e-04 
-3.449934e-04 
2.278215e-05 
2.591990e-04 
2.385015e-04 
2.936550e-05 
-9.887119e-05 
-3.808498e-05 
1.633633e-04 
3.659341e-04 
5.858102e-04 
8.250591e-04 
9.781729e-04 
8.352164e-04 
4.519874e-04 
7.246510e-05 
-3.580228e-04 
-9.559656e-04 
-1.711714e-03 
-2.491121e-03 
-2.903905e-03 
-2.725569e-03 
-2.226941e-03 
-1.534128e-03 
-7.612265e-04 
-2.181143e-04 
-1.124828e-04 
-4.597899e-04 
-1.213217e-03 
-1.986449e-03 
-2.344197e-03 
-2.036291e-03 
-1.234586e-03 
-1.334767e-04 
1.241051e-03 
2.527225e-03 
3.201362e-03 
3.268922e-03 
2.844709e-03 
2.005017e-03 
1.193694e-03 
8.292695e-04 
7.367001e-04 
4.592483e-04 
-4.217093e-05 
-4.996037e-04 
-7.045461e-04 
-3.020646e-04 
6.363446e-04 
1.719281e-03 
2.782251e-03 
3.583962e-03 
4.250828e-03 
4.658857e-03 
4.579512e-03 
4.292430e-03 
4.218952e-03 
4.462782e-03 
4.663394e-03 
4.399250e-03 
3.607879e-03 
2.287844e-03 
1.141210e-03 
8.440740e-04 
1.332424e-03 
1.996914e-03 
2.407346e-03 
2.722702e-03 
2.712209e-03 
1.838432e-03 
-5.114103e-05 
-2.523976e-03 
-4.871804e-03 
-6.456172e-03 
-6.513043e-03 
-5.081484e-03 
-3.003299e-03 
-1.377031e-03 
-2.816628e-04 
3.355643e-04 
5.821783e-04 
8.987902e-04 
1.171377e-03 
9.648944e-04 
1.424319e-04 
-9.456068e-04 
-1.591253e-03 
-1.637008e-03 
-9.987431e-04 
2.514779e-04 
2.150489e-03 
4.387204e-03 
6.343060e-03 
7.333465e-03 
7.025888e-03 
5.151561e-03 
2.168079e-03 
-5.848433e-04 
-2.270337e-03 
-2.874089e-03 
-2.982812e-03 
-3.364950e-03 
-3.854274e-03 
-3.656269e-03 
-2.603662e-03 
-9.260641e-04 
1.408998e-03 
3.606822e-03 
4.308766e-03 
2.597901e-03 
-7.922871e-04 
-3.895589e-03 
-5.547668e-03 
-5.871814e-03 
-5.534715e-03 
-5.226155e-03 
-5.383069e-03 
-5.767575e-03 
-6.010146e-03 
-6.046197e-03 
-5.991355e-03 
-5.554922e-03 
-4.792119e-03 
-3.985331e-03 
-2.358440e-03 
1.601935e-04 
2.378987e-03 
3.851272e-03 
4.595304e-03 
4.102373e-03 
2.815334e-03 
1.024674e-03 
-1.537317e-03 
-4.880480e-03 
-7.904986e-03 
-9.329519e-03 
-9.177459e-03 
-7.809966e-03 
-5.682009e-03 
-3.633439e-03 
-1.850215e-03 
-6.752568e-04 
-8.636460e-04 
-2.113553e-03 
-3.351713e-03 
-4.573343e-03 
-5.451637e-03 
-5.087834e-03 
-2.929635e-03 
6.842822e-04 
4.592799e-03 
7.873594e-03 
9.575749e-03 
9.336119e-03 
7.918578e-03 
5.587975e-03 
2.349770e-03 
-1.539489e-03 
-5.324982e-03 
-8.206713e-03 
-9.414868e-03 
-8.540063e-03 
-6.640236e-03 
-4.714662e-03 
-3.357886e-03 
-2.140076e-03 
-1.197506e-04 
2.845490e-03 
5.132933e-03 
5.722663e-03 
4.457467e-03 
1.970753e-03 
-3.326997e-04 
-1.087527e-03 
6.373498e-05 
2.111294e-03 
3.753448e-03 
4.840794e-03 
5.861089e-03 
6.740075e-03 
7.701970e-03 
8.872459e-03 
9.632530e-03 
9.329998e-03 
8.591454e-03 
8.705604e-03 
1.016776e-02 
1.200529e-02 
1.284564e-02 
1.178931e-02 
9.140796e-03 
5.928747e-03 
2.705822e-03 
-9.083837e-04 
-5.508307e-03 
-1.112221e-02 
-1.667917e-02 
-2.030155e-02 
-2.068961e-02 
-1.818134e-02 
-1.404893e-02 
-9.156717e-03 
-3.867669e-03 
1.647378e-03 
6.611395e-03 
9.801582e-03 
1.053668e-02 
9.221115e-03 
7.325592e-03 
6.354963e-03 
6.961073e-03 
8.508759e-03 
9.541755e-03 
8.651169e-03 
5.796512e-03 
1.899598e-03 
-1.199276e-03 
-2.351277e-03 
-2.179919e-03 
-1.416054e-03 
-4.304255e-04 
-6.085589e-04 
-2.208828e-03 
-4.115936e-03 
-4.376204e-03 
-2.291876e-03 
1.203385e-03 
4.430283e-03 
6.405614e-03 
7.275193e-03 
8.571442e-03 
1.092276e-02 
1.375734e-02 
1.613027e-02 
1.726762e-02 
1.643853e-02 
1.289498e-02 
7.275161e-03 
1.424024e-03 
-2.919708e-03 
-5.779069e-03 
-7.807146e-03 
-9.592120e-03 
-1.067888e-02 
-1.087416e-02 
-1.000113e-02 
-8.409557e-03 
-6.312651e-03 
-3.306046e-03 
3.402694e-04 
3.638764e-03 
6.152954e-03 
8.291458e-03 
9.645085e-03 
9.041944e-03 
6.319915e-03 
2.463897e-03 
-1.262725e-03 
-4.001306e-03 
-6.003325e-03 
-7.317000e-03 
-8.183417e-03 
-9.325882e-03 
-1.037678e-02 
-1.083087e-02 
-1.079158e-02 
-1.014113e-02 
-8.835702e-03 
-7.825587e-03 
-7.479408e-03 
-7.054356e-03 
-6.392564e-03 
-6.566619e-03 
-7.895853e-03 
-9.800674e-03 
-1.128328e-02 
-1.255902e-02 
-1.405651e-02 
-1.592465e-02 
-1.802077e-02 
-1.882259e-02 
-1.705653e-02 
-1.323555e-02 
-8.803905e-03 
-4.904516e-03 
-1.749948e-03 
4.518003e-04 
1.204866e-03 
9.202771e-05 
-2.344848e-03 
-4.350023e-03 
-4.475962e-03 
-2.260901e-03 
1.272767e-03 
4.858269e-03 
7.774387e-03 
9.581267e-03 
1.016332e-02 
1.004347e-02 
9.797249e-03 
9.147957e-03 
7.882767e-03 
6.839038e-03 
6.695438e-03 
7.171047e-03 
7.058844e-03 
5.567045e-03 
2.484800e-03 
-1.034167e-03 
-3.192252e-03 
-3.383748e-03 
-2.045405e-03 
5.446808e-04 
3.428704e-03 
5.556531e-03 
7.007034e-03 
8.128371e-03 
8.589568e-03 
7.691875e-03 
5.760014e-03 
3.611793e-03 
1.576895e-03 
-1.098211e-03 
-4.812068e-03 
-8.705382e-03 
-1.201679e-02 
-1.408970e-02 
-1.389803e-02 
-1.162054e-02 
-9.285036e-03 
-8.352007e-03 
-8.202654e-03 
-6.948368e-03 
-3.401070e-03 
1.860557e-03 
6.693216e-03 
9.366849e-03 
9.542340e-03 
7.419157e-03 
3.816772e-03 
-5.395305e-05 
-3.209879e-03 
-5.257807e-03 
-5.746361e-03 
-4.318797e-03 
-1.197067e-03 
2.993246e-03 
7.244056e-03 
1.097357e-02 
1.351218e-02 
1.365914e-02 
1.217243e-02 
1.038224e-02 
9.238804e-03 
9.358851e-03 
1.038627e-02 
1.159094e-02 
1.293686e-02 
1.419560e-02 
1.474195e-02 
1.417394e-02 
1.287654e-02 
1.187977e-02 
1.125955e-02 
1.035878e-02 
8.849253e-03 
6.776476e-03 
4.212658e-03 
1.603329e-03 
4.393583e-05 
-6.050455e-05 
1.184210e-03 
2.769198e-03 
4.202869e-03 
4.623259e-03 
3.907192e-03 
3.079393e-03 
3.056771e-03 
4.288547e-03 
5.413552e-03 
4.882639e-03 
3.065675e-03 
5.553387e-04 
-2.294008e-03 
-5.494629e-03 
-8.737163e-03 
-1.130782e-02 
-1.240592e-02 
-1.223835e-02 
-1.158411e-02 
-1.056674e-02 
-8.819013e-03 
-6.748786e-03 
-4.883295e-03 
-3.072155e-03 
-1.776225e-04 
3.615775e-03 
7.379836e-03 
9.844251e-03 
1.014617e-02 
8.601105e-03 
5.755141e-03 
2.157501e-03 
-1.154431e-03 
-3.651117e-03 
-5.986958e-03 
-8.700024e-03 
-1.152274e-02 
-1.386937e-02 
-1.485719e-02 
-1.375538e-02 
-1.059329e-02 
-6.269880e-03 
-2.170113e-03 
8.930411e-04 
2.701658e-03 
3.682927e-03 
3.578785e-03 
2.319405e-03 
9.084188e-04 
7.643589e-04 
2.031802e-03 
4.185794e-03 
7.602852e-03 
1.255705e-02 
1.775035e-02 
2.144151e-02 
2.287329e-02 
2.277665e-02 
2.174248e-02 
2.003692e-02 
1.693953e-02 
1.197708e-02 
5.706565e-03 
-3.774047e-04 
-4.847440e-03 
-6.850225e-03 
-6.380298e-03 
-4.760465e-03 
-3.577998e-03 
-4.159322e-03 
-6.864868e-03 
-1.086178e-02 
-1.472098e-02 
-1.711055e-02 
-1.770227e-02 
-1.693495e-02 
-1.526980e-02 
-1.283604e-02 
-9.822528e-03 
-6.239230e-03 
-2.662730e-03 
-4.994336e-05 
5.272476e-04 
-1.272874e-03 
-4.675347e-03 
-8.922474e-03 
-1.353421e-02 
-1.786153e-02 
-2.133525e-02 
-2.401484e-02 
-2.583119e-02 
-2.630242e-02 
-2.504328e-02 
-2.177719e-02 
-1.609609e-02 
-8.850965e-03 
-1.950001e-03 
2.873066e-03 
5.350581e-03 
6.151342e-03 
5.946009e-03 
4.908072e-03 
3.154573e-03 
1.062977e-03 
-9.272752e-04 
-2.554254e-03 
-3.688463e-03 
-4.196060e-03 
-4.265256e-03 
-3.767526e-03 
-2.462668e-03 
-6.635320e-04 
1.705160e-03 
4.654540e-03 
8.048567e-03 
1.129273e-02 
1.358359e-02 
1.486988e-02 
1.464723e-02 
1.260715e-02 
8.277703e-03 
1.928821e-03 
-5.100121e-03 
-1.130493e-02 
-1.584216e-02 
-1.839054e-02 
-1.914064e-02 
-1.852809e-02 
-1.660391e-02 
-1.399664e-02 
-1.122124e-02 
-8.661446e-03 
-6.830799e-03 
-5.318759e-03 
-5.104350e-03 
-6.112556e-03 
-7.033142e-03 
-7.228520e-03 
-7.011501e-03 
-6.800958e-03 
-5.929616e-03 
-3.384980e-03 
1.307644e-03 
7.322493e-03 
1.359950e-02 
1.968796e-02 
2.427137e-02 
2.617946e-02 
2.613941e-02 
2.515897e-02 
2.266993e-02 
1.752520e-02 
1.007463e-02 
1.966437e-03 
-5.555401e-03 
-1.186535e-02 
-1.666245e-02 
-1.961238e-02 
-2.142881e-02 
-2.183924e-02 
-2.035741e-02 
-1.808365e-02 
-1.688256e-02 
-1.754053e-02 
-1.932378e-02 
-2.145181e-02 
-2.319352e-02 
-2.311498e-02 
-2.050201e-02 
-1.539807e-02 
-8.843612e-03 
-2.706135e-03 
2.631757e-03 
7.906133e-03 
1.344159e-02 
1.978803e-02 
2.733436e-02 
3.439680e-02 
3.961733e-02 
4.338997e-02 
4.576831e-02 
4.599820e-02 
4.265589e-02 
3.554374e-02 
2.624643e-02 
1.679183e-02 
8.177962e-03 
1.717961e-03 
-2.056134e-03 
-3.654915e-03 
-4.816508e-03 
-5.372064e-03 
-4.295360e-03 
-2.096757e-03 
5.006198e-04 
4.006129e-03 
8.890130e-03 
1.382306e-02 
1.763425e-02 
2.007097e-02 
2.176469e-02 
2.317444e-02 
2.385193e-02 
2.321726e-02 
2.195755e-02 
2.143714e-02 
2.248208e-02 
2.399074e-02 
2.541562e-02 
2.723417e-02 
2.995721e-02 
3.247229e-02 
3.360940e-02 
3.342747e-02 
3.195641e-02 
2.940530e-02 
2.597033e-02 
2.221699e-02 
1.881264e-02 
1.581428e-02 
1.294315e-02 
1.020818e-02 
7.545813e-03 
4.758654e-03 
1.595227e-03 
-1.933611e-03 
-6.309388e-03 
-1.177204e-02 
-1.769195e-02 
-2.271741e-02 
-2.669464e-02 
-2.958598e-02 
-3.127084e-02 
-3.150946e-02 
-3.027323e-02 
-2.704437e-02 
-2.162735e-02 
-1.390163e-02 
-4.421136e-03 
6.333339e-03 
1.736704e-02 
2.731542e-02 
3.538592e-02 
4.050104e-02 
4.234226e-02 
4.183850e-02 
4.043376e-02 
3.805193e-02 
3.450521e-02 
2.963225e-02 
2.319625e-02 
1.486263e-02 
5.333924e-03 
-4.181365e-03 
-1.305431e-02 
-2.120844e-02 
-2.889664e-02 
-3.577555e-02 
-4.181489e-02 
-4.670757e-02 
-4.985647e-02 
-5.158747e-02 
-5.257453e-02 
-5.323114e-02 
-5.373855e-02 
-5.448661e-02 
-5.555124e-02 
-5.679794e-02 
-5.809788e-02 
-5.926575e-02 
-6.028077e-02 
-6.134513e-02 
-6.287722e-02 
-6.483383e-02 
-6.713769e-02 
-6.907802e-02 
-7.035751e-02 
-7.093049e-02 
-7.061453e-02 
-6.894664e-02 
-6.595593e-02 
-6.189595e-02 
-5.712022e-02 
-5.186179e-02 
-4.618059e-02 
-4.011719e-02 
-3.375828e-02 
-2.763718e-02 
-2.274556e-02 
-1.978629e-02 
-1.889105e-02 
-1.974324e-02 
-2.185000e-02 
-2.430690e-02 
-2.608403e-02 
-2.689344e-02 
-2.647408e-02 
-2.531116e-02 
-2.422283e-02 
-2.271334e-02 
-1.986872e-02 
-1.587956e-02 
-1.104166e-02 
-6.051782e-03 
-1.697334e-03 
1.591875e-03 
3.916559e-03 
6.093465e-03 
8.747594e-03 
1.238046e-02 
1.802097e-02 
2.489517e-02 
3.131973e-02 
3.627310e-02 
4.077507e-02 
4.563837e-02 
5.083820e-02 
5.612529e-02 
6.144854e-02 
6.561922e-02 
6.751777e-02 
6.762064e-02 
6.697821e-02 
6.598674e-02 
6.488742e-02 
6.379732e-02 
6.279478e-02 
6.192345e-02 
6.112769e-02 
5.977429e-02 
5.731091e-02 
5.402174e-02 
5.050304e-02 
4.702736e-02 
4.371636e-02 
4.139468e-02 
4.059629e-02 
4.117749e-02 
4.288924e-02 
4.529785e-02 
4.791991e-02 
5.051290e-02 
5.217079e-02 
5.210086e-02 
5.012183e-02 
4.645485e-02 
4.199990e-02 
3.682599e-02 
3.138897e-02 
2.672570e-02 
2.414263e-02 
2.377807e-02 
2.540326e-02 
2.913729e-02 
3.409524e-02 
3.887642e-02 
4.282461e-02 
4.585251e-02 
4.766847e-02 
4.871106e-02 
4.948000e-02 
4.937604e-02 
4.847785e-02 
4.752623e-02 
4.677590e-02 
4.594114e-02 
4.527453e-02 
4.500609e-02 
4.503122e-02 
4.490586e-02 
4.380718e-02 
4.123203e-02 
3.665972e-02 
2.990796e-02 
2.152793e-02 
1.314926e-02 
5.907228e-03 
3.542979e-04 
-3.892703e-03 
-8.278026e-03 
-1.369256e-02 
-2.002951e-02 
-2.729266e-02 
-3.556553e-02 
-4.509323e-02 
-5.545797e-02 
-6.582542e-02 
-7.621996e-02 
-8.671848e-02 
-9.683648e-02 
-1.061774e-01 
-1.144798e-01 
-1.210126e-01 
-1.257842e-01 
-1.292278e-01 
-1.314517e-01 
-1.321694e-01 
-1.317972e-01 
-1.308126e-01 
-1.290399e-01 
-1.263679e-01 
-1.228185e-01 
-1.187833e-01 
-1.142836e-01 
-1.093828e-01 
-1.038906e-01 
-9.770845e-02 
-9.142921e-02 
-8.587160e-02 
-7.981312e-02 
-7.186744e-02 
-6.293005e-02 
-5.449435e-02 
-4.634057e-02 
-3.649736e-02 
-2.453523e-02 
-1.103062e-02 
3.298844e-03 
1.714028e-02 
2.912428e-02 
3.888014e-02 
4.641682e-02 
5.160436e-02 
5.464846e-02 
5.621131e-02 
5.667893e-02 
5.606288e-02 
5.467332e-02 
5.282218e-02 
5.098198e-02 
4.956983e-02 
4.858969e-02 
4.852047e-02 
4.968087e-02 
5.184864e-02 
5.483405e-02 
5.809291e-02 
6.120041e-02 
6.416370e-02 
6.709826e-02 
6.963371e-02 
7.109051e-02 
7.143488e-02 
7.061759e-02 
6.826764e-02 
6.486877e-02 
6.137786e-02 
5.781811e-02 
5.403089e-02 
5.030799e-02 
4.726895e-02 
4.511985e-02 
4.259091e-02 
3.913899e-02 
3.571402e-02 
3.269226e-02 
2.947357e-02 
2.573197e-02 
2.160812e-02 
1.697505e-02 
1.214827e-02 
7.668550e-03 
2.953092e-03 
-2.464616e-03 
-7.723495e-03 
-1.217211e-02 
-1.602971e-02 
-1.917909e-02 
-2.104610e-02 
-2.187184e-02 
-2.245555e-02 
-2.359899e-02 
-2.509537e-02 
-2.641994e-02 
-2.743061e-02 
-2.808545e-02 
-2.790438e-02 
-2.760559e-02 
-2.818187e-02 
-2.909820e-02 
-2.935189e-02 
-2.921192e-02 
-2.952058e-02 
-3.044312e-02 
-3.134112e-02 
-3.160024e-02 
-3.078437e-02 
-2.917684e-02 
-2.664521e-02 
-2.318515e-02 
-1.909830e-02 
-1.490530e-02 
-1.095529e-02 
-7.676047e-03 
-5.418205e-03 
-4.334203e-03 
-4.555893e-03 
-6.117592e-03 
-8.862251e-03 
-1.128192e-02 
-1.285541e-02 
-1.427184e-02 
-1.546771e-02 
-1.564906e-02 
-1.478714e-02 
-1.313416e-02 
-1.108925e-02 
-9.102293e-03 
-8.109266e-03 
-8.664693e-03 
-1.038631e-02 
-1.263270e-02 
-1.518840e-02 
-1.807756e-02 
-2.159930e-02 
-2.584269e-02 
-3.059953e-02 
-3.489655e-02 
-3.793946e-02 
-3.878833e-02 
-3.690233e-02 
-3.258847e-02 
-2.648958e-02 
-1.920276e-02 
-1.201837e-02 
-5.708016e-03 
-1.036406e-03 
1.087986e-03 
8.700234e-04 
-6.616343e-05 
-1.820995e-04 
1.066878e-03 
3.160524e-03 
5.045019e-03 
5.974211e-03 
6.072768e-03 
5.608165e-03 
4.794144e-03 
3.801661e-03 
3.012839e-03 
1.960822e-03 
6.293698e-04 
-6.572087e-04 
-1.302053e-03 
-8.740860e-04 
4.084730e-04 
2.393615e-03 
4.090996e-03 
5.243514e-03 
6.579818e-03 
8.719290e-03 
1.232323e-02 
1.819179e-02 
2.614886e-02 
3.470216e-02 
4.285883e-02 
4.978032e-02 
5.512057e-02 
5.911790e-02 
6.230528e-02 
6.501853e-02 
6.672738e-02 
6.719393e-02 
6.664891e-02 
6.560814e-02 
6.395389e-02 
6.162483e-02 
5.896524e-02 
5.594357e-02 
5.226064e-02 
4.777812e-02 
4.316951e-02 
3.831913e-02 
3.283978e-02 
2.683828e-02 
2.095353e-02 
1.584039e-02 
1.148900e-02 
8.218002e-03 
6.362346e-03 
5.861777e-03 
6.465742e-03 
7.994116e-03 
1.018184e-02 
1.198319e-02 
1.212741e-02 
1.045784e-02 
7.558704e-03 
3.974469e-03 
2.368576e-04 
-3.530777e-03 
-7.874118e-03 
-1.193729e-02 
-1.446794e-02 
-1.508339e-02 
-1.399885e-02 
-1.161588e-02 
-8.683465e-03 
-6.143261e-03 
-4.670474e-03 
-4.370379e-03 
-5.219745e-03 
-7.272347e-03 
-1.037435e-02 
-1.382054e-02 
-1.669694e-02 
-1.851925e-02 
-1.903740e-02 
-1.909335e-02 
-1.970808e-02 
-2.054472e-02 
-2.130090e-02 
-2.236353e-02 
-2.403732e-02 
-2.580717e-02 
-2.681963e-02 
-2.686130e-02 
-2.579301e-02 
-2.375914e-02 
-2.137520e-02 
-1.981372e-02 
-2.020772e-02 
-2.233514e-02 
-2.611270e-02 
-3.067868e-02 
-3.510144e-02 
-3.895229e-02 
-4.235266e-02 
-4.510080e-02 
-4.689964e-02 
-4.760162e-02 
-4.761442e-02 
-4.747681e-02 
-4.744815e-02 
-4.747231e-02 
-4.745555e-02 
-4.739153e-02 
-4.695145e-02 
-4.584356e-02 
-4.413319e-02 
-4.128441e-02 
-3.661607e-02 
-2.991824e-02 
-2.181615e-02 
-1.359885e-02 
-6.367074e-03 
-6.432934e-04 
3.576975e-03 
6.196863e-03 
7.576209e-03 
8.462935e-03 
9.182204e-03 
9.627414e-03 
1.014502e-02 
1.094972e-02 
1.198940e-02 
1.312213e-02 
1.439505e-02 
1.521494e-02 
1.462457e-02 
1.300604e-02 
1.066161e-02 
7.674293e-03 
4.872509e-03 
3.313160e-03 
3.538532e-03 
5.822047e-03 
1.019230e-02 
1.594482e-02 
2.212383e-02 
2.818918e-02 
3.383543e-02 
3.815743e-02 
4.039732e-02 
4.039269e-02 
3.836575e-02 
3.512661e-02 
3.159120e-02 
2.899604e-02 
2.783307e-02 
2.776952e-02 
2.812431e-02 
2.832681e-02 
2.829956e-02 
2.787978e-02 
2.669660e-02 
2.525368e-02 
2.386278e-02 
2.276347e-02 
2.223864e-02 
2.210391e-02 
2.160359e-02 
2.014868e-02 
1.783541e-02 
1.491759e-02 
1.134532e-02 
6.454033e-03 
-3.237666e-04 
-7.835719e-03 
-1.430752e-02 
-1.892474e-02 
-2.229965e-02 
-2.506214e-02 
-2.665089e-02 
-2.666756e-02 
-2.534258e-02 
-2.299240e-02 
-1.976151e-02 
-1.594735e-02 
-1.190068e-02 
-7.953469e-03 
-4.707471e-03 
-2.900141e-03 
-2.330156e-03 
-1.885953e-03 
-1.003884e-03 
-1.054458e-05 
4.829613e-04 
4.728832e-04 
3.412296e-04 
3.670110e-04 
8.324276e-04 
1.701455e-03 
2.852715e-03 
3.888794e-03 
4.453229e-03 
4.423149e-03 
4.198071e-03 
4.295621e-03 
5.302132e-03 
7.136578e-03 
9.498577e-03 
1.205880e-02 
1.438330e-02 
1.639057e-02 
1.790787e-02 
1.848026e-02 
1.775117e-02 
1.598652e-02 
1.425701e-02 
1.270107e-02 
1.146032e-02 
1.135305e-02 
1.308421e-02 
1.719694e-02 
2.288264e-02 
2.812071e-02 
3.177909e-02 
3.366229e-02 
3.399075e-02 
3.299588e-02 
3.054106e-02 
2.638294e-02 
2.167708e-02 
1.678173e-02 
1.139887e-02 
5.587795e-03 
3.757669e-04 
-3.511540e-03 
-6.602674e-03 
-9.085338e-03 
-1.123435e-02 
-1.363670e-02 
-1.656191e-02 
-2.015097e-02 
-2.392868e-02 
-2.800367e-02 
-3.251765e-02 
-3.726732e-02 
-4.209191e-02 
-4.628173e-02 
-4.922948e-02 
-5.081084e-02 
-5.161251e-02 
-5.188971e-02 
-5.121385e-02 
-4.955005e-02 
-4.707940e-02 
-4.365534e-02 
-3.949002e-02 
-3.496410e-02 
-3.007748e-02 
-2.548948e-02 
-2.174985e-02 
-1.828100e-02 
-1.480625e-02 
-1.143193e-02 
-7.885220e-03 
-4.318047e-03 
-1.105263e-03 
1.382853e-03 
3.263064e-03 
4.256164e-03 
3.963912e-03 
2.662414e-03 
8.293366e-04 
-1.150218e-03 
-3.695864e-03 
-7.335253e-03 
-1.151597e-02 
-1.531436e-02 
-1.888215e-02 
-2.235596e-02 
-2.555430e-02 
-2.801675e-02 
-2.944595e-02 
-2.989480e-02 
-3.002202e-02 
-2.976657e-02 
-2.880552e-02 
-2.653491e-02 
-2.316768e-02 
-1.967075e-02 
-1.664467e-02 
-1.328387e-02 
-9.049893e-03 
-4.182065e-03 
7.435157e-04 
5.093290e-03 
8.568525e-03 
1.143941e-02 
1.370527e-02 
1.513513e-02 
1.565471e-02 
1.598180e-02 
1.691381e-02 
1.858283e-02 
2.139896e-02 
2.562217e-02 
3.081583e-02 
3.616883e-02 
4.055277e-02 
4.382491e-02 
4.613156e-02 
4.675439e-02 
4.543715e-02 
4.268110e-02 
3.865449e-02 
3.343146e-02 
2.793719e-02 
2.322615e-02 
1.943872e-02 
1.622571e-02 
1.279483e-02 
8.944254e-03 
5.035537e-03 
1.516531e-03 
-1.981088e-03 
-5.325292e-03 
-7.639384e-03 
-8.920423e-03 
-9.867437e-03 
-1.052784e-02 
-1.035369e-02 
-8.552901e-03 
-5.270224e-03 
-1.842123e-03 
1.063051e-03 
3.394379e-03 
5.609351e-03 
8.234750e-03 
1.124961e-02 
1.421482e-02 
1.665479e-02 
1.904185e-02 
2.140385e-02 
2.297754e-02 
2.368337e-02 
2.386282e-02 
2.373025e-02 
2.337224e-02 
2.284073e-02 
2.226084e-02 
2.139560e-02 
2.048261e-02 
1.976646e-02 
1.914667e-02 
1.800324e-02 
1.678322e-02 
1.559388e-02 
1.472449e-02 
1.387355e-02 
1.179330e-02 
8.078429e-03 
4.264562e-03 
1.178293e-03 
-1.444855e-03 
-3.755780e-03 
-5.852358e-03 
-7.204146e-03 
-7.861505e-03 
-8.370395e-03 
-8.477133e-03 
-7.977958e-03 
-7.442973e-03 
-7.266583e-03 
-7.405821e-03 
-8.321455e-03 
-1.039550e-02 
-1.264103e-02 
-1.419963e-02 
-1.481515e-02 
-1.452911e-02 
-1.358132e-02 
-1.189527e-02 
-9.680661e-03 
-7.459554e-03 
-5.216431e-03 
-3.175289e-03 
-2.144143e-03 
-2.667716e-03 
-3.895521e-03 
-5.034442e-03 
-6.270032e-03 
-7.300049e-03 
-7.875026e-03 
-7.350947e-03 
-5.308302e-03 
-2.287422e-03 
5.597006e-04 
2.748257e-03 
4.056851e-03 
3.986402e-03 
2.198397e-03 
-6.254103e-04 
-3.977816e-03 
-7.749038e-03 
-1.166429e-02 
-1.540297e-02 
-1.799736e-02 
-1.913741e-02 
-1.921073e-02 
-1.841482e-02 
-1.696282e-02 
-1.553228e-02 
-1.425754e-02 
-1.385281e-02 
-1.432968e-02 
-1.484181e-02 
-1.456726e-02 
-1.377551e-02 
-1.291032e-02 
-1.141922e-02 
-8.725164e-03 
-4.992124e-03 
-5.173209e-04 
4.937774e-03 
1.066044e-02 
1.560690e-02 
1.929115e-02 
2.196421e-02 
2.347895e-02 
2.352508e-02 
2.275984e-02 
2.199843e-02 
2.087229e-02 
1.926689e-02 
1.734474e-02 
1.511242e-02 
1.253473e-02 
1.041570e-02 
8.464878e-03 
6.242450e-03 
3.887466e-03 
1.344624e-03 
-9.910444e-04 
-2.784353e-03 
-3.991968e-03 
-4.541363e-03 
-4.623777e-03 
-4.527348e-03 
-4.438497e-03 
-4.154407e-03 
-3.079835e-03 
-1.789569e-03 
-6.530924e-04 
4.913373e-04 
1.618009e-03 
2.939230e-03 
4.884416e-03 
7.181555e-03 
9.653365e-03 
1.210653e-02 
1.386295e-02 
1.469664e-02 
1.464238e-02 
1.356489e-02 
1.180676e-02 
1.022383e-02 
9.189601e-03 
8.910524e-03 
9.455324e-03 
1.059144e-02 
1.145043e-02 
1.190315e-02 
1.270953e-02 
1.434172e-02 
1.583339e-02 
1.640866e-02 
1.657013e-02 
1.678032e-02 
1.660534e-02 
1.548979e-02 
1.319953e-02 
1.013427e-02 
6.260101e-03 
1.731582e-03 
-2.650941e-03 
-6.489792e-03 
-1.007128e-02 
-1.340718e-02 
-1.675764e-02 
-2.031957e-02 
-2.403731e-02 
-2.788432e-02 
-3.140048e-02 
-3.450752e-02 
-3.740841e-02 
-4.001831e-02 
-4.231849e-02 
-4.448058e-02 
-4.657024e-02 
-4.849670e-02 
-4.974404e-02 
-4.979526e-02 
-4.853509e-02 
-4.599294e-02 
-4.248577e-02 
-3.913882e-02 
-3.629497e-02 
-3.370211e-02 
-3.114092e-02 
-2.874072e-02 
-2.646629e-02 
-2.390076e-02 
-2.095159e-02 
-1.768875e-02 
-1.414440e-02 
-1.048362e-02 
-7.022760e-03 
-3.875598e-03 
-8.762794e-04 
2.494172e-03 
6.162465e-03 
9.823010e-03 
1.377928e-02 
1.795137e-02 
2.228709e-02 
2.549944e-02 
2.699932e-02 
2.778596e-02 
2.802951e-02 
2.749345e-02 
2.623637e-02 
2.472303e-02 
2.341510e-02 
2.198358e-02 
2.018759e-02 
1.834566e-02 
1.691087e-02 
1.617126e-02 
1.594678e-02 
1.544252e-02 
1.423876e-02 
1.252764e-02 
1.011955e-02 
7.047923e-03 
3.783955e-03 
6.982315e-04 
-1.698429e-03 
-3.067522e-03 
-3.462148e-03 
-3.393125e-03 
-3.311715e-03 
-3.330040e-03 
-3.067941e-03 
-2.823809e-03 
-3.613827e-03 
-5.424846e-03 
-7.090442e-03 
-7.923136e-03 
-8.361906e-03 
-9.049748e-03 
-1.009149e-02 
-1.088816e-02 
-1.144216e-02 
-1.210031e-02 
-1.304843e-02 
-1.428247e-02 
-1.596697e-02 
-1.782057e-02 
-1.911898e-02 
-1.969510e-02 
-1.937791e-02 
-1.806712e-02 
-1.572317e-02 
-1.258933e-02 
-8.727745e-03 
-4.254346e-03 
4.735496e-04 
5.097364e-03 
9.319664e-03 
1.281196e-02 
1.515569e-02 
1.646899e-02 
1.710036e-02 
1.707976e-02 
1.637093e-02 
1.520319e-02 
1.388512e-02 
1.283150e-02 
1.220916e-02 
1.179108e-02 
1.132596e-02 
1.066224e-02 
1.019715e-02 
1.005830e-02 
9.717690e-03 
9.305988e-03 
9.465253e-03 
9.503686e-03 
8.668365e-03 
7.053783e-03 
4.874443e-03 
2.582930e-03 
9.521408e-04 
4.124422e-04 
5.550422e-04 
7.761473e-04 
1.321806e-03 
2.546533e-03 
3.796413e-03 
5.158193e-03 
6.365305e-03 
6.950083e-03 
6.980625e-03 
6.685660e-03 
5.681594e-03 
4.075267e-03 
1.973822e-03 
-3.131892e-04 
-2.451864e-03 
-4.202868e-03 
-5.119393e-03 
-5.518560e-03 
-5.683487e-03 
-5.517466e-03 
-5.248123e-03 
-4.909335e-03 
-3.824223e-03 
-1.877361e-03 
6.498096e-04 
2.620353e-03 
3.820627e-03 
5.076775e-03 
6.517479e-03 
8.263726e-03 
1.026143e-02 
1.195246e-02 
1.274066e-02 
1.311546e-02 
1.409384e-02 
1.577732e-02 
1.778783e-02 
1.976853e-02 
2.165867e-02 
2.349049e-02 
2.467563e-02 
2.502734e-02 
2.495017e-02 
2.490863e-02 
2.547197e-02 
2.660610e-02 
2.766821e-02 
2.821749e-02 
2.828946e-02 
2.765794e-02 
2.607702e-02 
2.391111e-02 
2.163633e-02 
1.912708e-02 
1.630284e-02 
1.303015e-02 
9.195779e-03 
5.023685e-03 
1.328792e-03 
-1.220022e-03 
-3.367809e-03 
-6.010186e-03 
-9.405839e-03 
-1.318690e-02 
-1.694010e-02 
-2.039722e-02 
-2.325720e-02 
-2.549546e-02 
-2.707017e-02 
-2.775634e-02 
-2.780343e-02 
-2.768043e-02 
-2.754139e-02 
-2.671392e-02 
-2.542999e-02 
-2.464181e-02 
-2.461020e-02 
-2.508990e-02 
-2.563651e-02 
-2.607727e-02 
-2.632109e-02 
-2.674356e-02 
-2.738104e-02 
-2.765350e-02 
-2.696656e-02 
-2.579260e-02 
-2.506769e-02 
-2.497016e-02 
-2.532684e-02 
-2.589350e-02 
-2.668092e-02 
-2.742284e-02 
-2.766109e-02 
-2.673918e-02 
-2.502906e-02 
-2.282096e-02 
-1.998736e-02 
-1.699666e-02 
-1.440627e-02 
-1.233680e-02 
-1.067202e-02 
-8.911018e-03 
-6.708522e-03 
-4.385037e-03 
-2.222944e-03 
-2.463577e-04 
2.079010e-03 
4.775597e-03 
7.652769e-03 
1.060927e-02 
1.331236e-02 
1.558186e-02 
1.755584e-02 
2.001836e-02 
2.291386e-02 
2.565770e-02 
2.819645e-02 
3.083677e-02 
3.368871e-02 
3.654920e-02 
3.953075e-02 
4.149134e-02 
4.239553e-02 
4.341931e-02 
4.515438e-02 
4.655464e-02 
4.696932e-02 
4.733293e-02 
4.803072e-02 
4.883212e-02 
4.929210e-02 
4.932004e-02 
4.879907e-02 
4.811461e-02 
4.750207e-02 
4.643508e-02 
4.522769e-02 
4.377177e-02 
4.248154e-02 
4.145490e-02 
4.002986e-02 
3.787121e-02 
3.469271e-02 
3.088729e-02 
2.703167e-02 
2.339922e-02 
1.966075e-02 
1.558575e-02 
1.138886e-02 
7.239715e-03 
3.009952e-03 
-7.851397e-04 
-4.223506e-03 
-7.448737e-03 
-1.021912e-02 
-1.244340e-02 
-1.411014e-02 
-1.586558e-02 
-1.818731e-02 
-2.109813e-02 
-2.413643e-02 
-2.770475e-02 
-3.173300e-02 
-3.557553e-02 
-3.875887e-02 
-4.189290e-02 
-4.570899e-02 
-4.909945e-02 
-5.136279e-02 
-5.248046e-02 
-5.275008e-02 
-5.269218e-02 
-5.261224e-02 
-5.218621e-02 
-5.130345e-02 
-5.019393e-02 
-4.928128e-02 
-4.825279e-02 
-4.731111e-02 
-4.689910e-02 
-4.717236e-02 
-4.812529e-02 
-4.905034e-02 
-4.938500e-02 
-4.926654e-02 
-4.908732e-02 
-4.904077e-02 
-4.871284e-02 
-4.736551e-02 
-4.494286e-02 
-4.213144e-02 
-3.918657e-02 
-3.597031e-02 
-3.246649e-02 
-2.874164e-02 
-2.498630e-02 
-2.140000e-02 
-1.815226e-02 
-1.527048e-02 
-1.268019e-02 
-1.020142e-02 
-7.906101e-03 
-5.777694e-03 
-3.575783e-03 
-1.588988e-03 
2.197678e-04 
1.960609e-03 
3.578945e-03 
5.044708e-03 
6.587237e-03 
8.038048e-03 
9.583846e-03 
1.061355e-02 
1.140351e-02 
1.236040e-02 
1.315543e-02 
1.369074e-02 
1.462977e-02 
1.599118e-02 
1.761589e-02 
1.902230e-02 
1.968655e-02 
2.019513e-02 
2.132022e-02 
2.240004e-02 
2.283294e-02 
2.309657e-02 
2.373344e-02 
2.419107e-02 
2.360486e-02 
2.194947e-02 
1.973509e-02 
1.676997e-02 
1.386996e-02 
1.122285e-02 
8.828911e-03 
6.615027e-03 
5.028571e-03 
3.952002e-03 
3.218889e-03 
3.374103e-03 
4.237349e-03 
4.952833e-03 
5.591236e-03 
6.694825e-03 
7.980593e-03 
9.563973e-03 
1.075045e-02 
1.115242e-02 
1.106138e-02 
1.093121e-02 
1.071988e-02 
1.013881e-02 
9.441387e-03 
9.451012e-03 
9.979661e-03 
1.070390e-02 
1.112473e-02 
1.117382e-02 
1.108927e-02 
1.104929e-02 
1.075593e-02 
1.023975e-02 
1.032027e-02 
1.149865e-02 
1.316635e-02 
1.467167e-02 
1.601721e-02 
1.680799e-02 
1.670982e-02 
1.547118e-02 
1.413034e-02 
1.340381e-02 
1.331832e-02 
1.359269e-02 
1.381276e-02 
1.383736e-02 
1.379227e-02 
1.378378e-02 
1.383064e-02 
1.388521e-02 
1.373357e-02 
1.367476e-02 
1.370072e-02 
1.299723e-02 
1.168302e-02 
1.038820e-02 
9.584219e-03 
8.786247e-03 
7.765467e-03 
6.669518e-03 
5.773606e-03 
4.588061e-03 
3.055605e-03 
1.178395e-03 
-9.896089e-04 
-3.195852e-03 
-5.219144e-03 
-7.136082e-03 
-8.517531e-03 
-9.473804e-03 
-1.035475e-02 
-1.129837e-02 
-1.247121e-02 
-1.372652e-02 
-1.449153e-02 
-1.463244e-02 
-1.449902e-02 
-1.443354e-02 
-1.449430e-02 
-1.456445e-02 
-1.456977e-02 
-1.420155e-02 
-1.304404e-02 
-1.156574e-02 
-1.010774e-02 
-9.012790e-03 
-8.151621e-03 
-6.930985e-03 
-5.494551e-03 
-4.047454e-03 
-3.569312e-03 
-4.530568e-03 
-6.084408e-03 
-7.542689e-03 
-8.703070e-03 
-9.841488e-03 
-1.016441e-02 
-9.462484e-03 
-8.871870e-03 
-9.217451e-03 
-9.776555e-03 
-1.037454e-02 
-1.076270e-02 
-1.007205e-02 
-8.657868e-03 
-6.841067e-03 
-4.873100e-03 
-3.044807e-03 
-1.215580e-03 
5.194445e-04 
2.253120e-03 
3.939143e-03 
5.791822e-03 
7.866945e-03 
9.506118e-03 
1.031290e-02 
1.060304e-02 
1.056813e-02 
1.023634e-02 
9.118286e-03 
7.694587e-03 
6.365250e-03 
5.106343e-03 
4.346619e-03 
4.261098e-03 
5.240197e-03 
6.686396e-03 
7.726465e-03 
8.802669e-03 
9.860906e-03 
1.064132e-02 
1.174338e-02 
1.290368e-02 
1.350755e-02 
1.335639e-02 
1.242318e-02 
1.111237e-02 
9.529631e-03 
8.089103e-03 
7.402264e-03 
7.405669e-03 
7.622722e-03 
7.713926e-03 
7.687674e-03 
7.673815e-03 
7.534944e-03 
6.990103e-03 
6.578592e-03 
6.790966e-03 
6.564813e-03 
5.946612e-03 
5.358072e-03 
5.154173e-03 
5.683938e-03 
7.050493e-03 
9.118902e-03 
1.122577e-02 
1.308683e-02 
1.482238e-02 
1.637095e-02 
1.720402e-02 
1.732365e-02 
1.717548e-02 
1.694009e-02 
1.623300e-02 
1.512607e-02 
1.432940e-02 
1.415094e-02 
1.405405e-02 
1.303951e-02 
1.167360e-02 
1.023125e-02 
9.015137e-03 
8.112416e-03 
6.942574e-03 
5.567621e-03 
3.998658e-03 
2.838283e-03 
1.839211e-03 
6.491541e-04 
-7.494311e-04 
-2.279823e-03 
-3.976460e-03 
-5.575513e-03 
-7.150764e-03 
-8.689387e-03 
-1.037843e-02 
-1.168462e-02 
-1.291357e-02 
-1.470989e-02 
-1.668301e-02 
-1.782831e-02 
-1.865852e-02 
-1.972897e-02 
-2.117684e-02 
-2.266682e-02 
-2.346400e-02 
-2.353679e-02 
-2.331042e-02 
-2.295838e-02 
-2.293753e-02 
-2.296124e-02 
-2.207660e-02 
-2.078311e-02 
-2.006265e-02 
-2.005121e-02 
-2.025044e-02 
-2.026505e-02 
-1.980097e-02 
-1.871988e-02 
-1.760582e-02 
-1.691655e-02 
-1.597330e-02 
-1.481975e-02 
-1.380068e-02 
-1.273876e-02 
-1.154045e-02 
-9.886165e-03 
-7.909054e-03 
-5.884129e-03 
-3.878989e-03 
-2.333510e-03 
-8.328410e-04 
3.146187e-04 
7.588367e-04 
7.059351e-04 
6.487317e-04 
1.222595e-03 
2.372395e-03 
2.890681e-03 
2.339483e-03 
1.249615e-03 
5.562114e-04 
4.772644e-04 
7.371030e-04 
1.741213e-03 
3.036490e-03 
3.968068e-03 
4.993365e-03 
5.466100e-03 
4.980694e-03 
5.047768e-03 
5.891525e-03 
6.615568e-03 
6.782931e-03 
6.640842e-03 
6.518223e-03 
6.516677e-03 
6.559083e-03 
6.595278e-03 
6.625241e-03 
6.645360e-03 
6.665838e-03 
6.643907e-03 
5.849969e-03 
4.554220e-03 
3.410276e-03 
1.938617e-03 
-5.816767e-05 
-2.415294e-03 
-4.612193e-03 
-6.499013e-03 
-7.759912e-03 
-8.961167e-03 
-1.004259e-02 
-1.110970e-02 
-1.233965e-02 
-1.330951e-02 
-1.405652e-02 
-1.502621e-02 
-1.590681e-02 
-1.708567e-02 
-1.827818e-02 
-1.887164e-02 
-1.888426e-02 
-1.888888e-02 
-1.897250e-02 
-1.880269e-02 
-1.791309e-02 
-1.651553e-02 
-1.559540e-02 
-1.532365e-02 
-1.452404e-02 
-1.274338e-02 
-1.050051e-02 
-8.188592e-03 
-5.760194e-03 
-3.479134e-03 
-1.058703e-03 
1.495496e-03 
3.812627e-03 
5.304151e-03 
6.587732e-03 
7.695545e-03 
8.233735e-03 
8.248963e-03 
8.129045e-03 
8.303450e-03 
8.439624e-03 
8.307246e-03 
8.132471e-03 
8.085028e-03 
8.113468e-03 
7.787138e-03 
6.765435e-03 
5.641833e-03 
5.274150e-03 
6.271599e-03 
7.765155e-03 
8.571780e-03 
8.602503e-03 
8.420346e-03 
8.386451e-03 
7.943539e-03 
6.816985e-03 
5.885872e-03 
5.649377e-03 
5.854387e-03 
6.069122e-03 
6.098665e-03 
5.847479e-03 
5.650279e-03 
5.558197e-03 
5.425342e-03 
5.236248e-03 
5.074255e-03 
5.595454e-03 
6.333639e-03 
6.864812e-03 
7.882214e-03 
9.106345e-03 
1.012884e-02 
1.133894e-02 
1.237118e-02 
1.279593e-02 
1.274602e-02 
1.261515e-02 
1.281073e-02 
1.376619e-02 
1.396491e-02 
1.325543e-02 
1.257474e-02 
1.243054e-02 
1.261904e-02 
1.322070e-02 
1.440493e-02 
1.539629e-02 
1.571835e-02 
1.559832e-02 
1.566864e-02 
1.575504e-02 
1.564683e-02 
1.546700e-02 
1.502132e-02 
1.363052e-02 
1.154431e-02 
9.389014e-03 
7.493806e-03 
5.725689e-03 
3.686348e-03 
1.329792e-03 
-9.987378e-04 
-2.953142e-03 
-4.478830e-03 
-5.831922e-03 
-7.148836e-03 
-8.350274e-03 
-9.721573e-03 
-1.065345e-02 
-1.085379e-02 
-1.058698e-02 
-1.040610e-02 
-1.097544e-02 
-1.170807e-02 
-1.199538e-02 
-1.222648e-02 
-1.304719e-02 
-1.460083e-02 
-1.640507e-02 
-1.801534e-02 
-1.944206e-02 
-2.079223e-02 
-2.182233e-02 
-2.206279e-02 
-2.179869e-02 
-2.114944e-02 
-2.043885e-02 
-1.985302e-02 
-1.924604e-02 
-1.923204e-02 
-1.969825e-02 
-1.983613e-02 
-1.946773e-02 
-1.934529e-02 
-1.973574e-02 
-2.017186e-02 
-2.025326e-02 
-1.986678e-02 
-1.901522e-02 
-1.793029e-02 
-1.720278e-02 
-1.634250e-02 
-1.463395e-02 
-1.234818e-02 
-1.005166e-02 
-8.162021e-03 
-6.522385e-03 
-4.858750e-03 
-3.196121e-03 
-1.646750e-03 
2.011018e-04 
2.226731e-03 
3.933727e-03 
5.454328e-03 
6.454377e-03 
7.482928e-03 
8.740839e-03 
9.562872e-03 
9.724540e-03 
9.289295e-03 
8.018059e-03 
6.790818e-03 
6.315891e-03 
6.434991e-03 
6.641323e-03 
6.652695e-03 
6.579377e-03 
6.754104e-03 
7.792903e-03 
9.282078e-03 
1.096087e-02 
1.221308e-02 
1.271333e-02 
1.313991e-02 
1.411117e-02 
1.513972e-02 
1.565035e-02 
1.627316e-02 
1.738851e-02 
1.814232e-02 
1.825363e-02 
1.812169e-02 
1.760113e-02 
1.656707e-02 
1.563107e-02 
1.527342e-02 
1.534624e-02 
1.532423e-02 
1.434014e-02 
1.293643e-02 
1.149684e-02 
1.024629e-02 
9.696592e-03 
1.016813e-02 
1.126092e-02 
1.236736e-02 
1.293250e-02 
1.301379e-02 
1.296266e-02 
1.288093e-02 
1.210170e-02 
1.088678e-02 
9.743628e-03 
8.509183e-03 
7.645855e-03 
7.399162e-03 
7.526764e-03 
7.678007e-03 
7.723566e-03 
7.712381e-03 
7.737446e-03 
7.796091e-03 
7.863459e-03 
7.904938e-03 
7.913748e-03 
7.908832e-03 
7.927059e-03 
7.964163e-03 
7.969942e-03 
7.974818e-03 
7.991464e-03 
8.005845e-03 
7.995108e-03 
7.984871e-03 
7.969074e-03 
7.793122e-03 
6.839947e-03 
5.569375e-03 
4.817025e-03 
4.012817e-03 
2.545164e-03 
5.133417e-04 
-1.196545e-03 
-2.868952e-03 
-4.841832e-03 
-6.637086e-03 
-8.016121e-03 
-9.121690e-03 
-9.759776e-03 
-1.037490e-02 
-1.150947e-02 
-1.248308e-02 
-1.273880e-02 
-1.182375e-02 
-1.029667e-02 
-9.318570e-03 
-9.139114e-03 
-9.117718e-03 
-8.186020e-03 
-6.751587e-03 
-5.853540e-03 
-5.710607e-03 
-5.849373e-03 
-5.875475e-03 
-5.534035e-03 
-4.538245e-03 
-3.404649e-03 
-2.597103e-03 
-1.750162e-03 
-5.153657e-04 
4.320981e-04 
8.549356e-04 
9.617265e-04 
1.041740e-03 
9.644848e-04 
7.382365e-04 
-1.485902e-05 
-1.342913e-03 
-2.334500e-03 
-2.746997e-03 
-3.230401e-03 
-3.947598e-03 
-4.394296e-03 
-4.581083e-03 
-4.855675e-03 
-5.223704e-03 
-5.993931e-03 
-7.293145e-03 
-8.342728e-03 
-9.434424e-03 
-1.063107e-02 
-1.137480e-02 
-1.152095e-02 
-1.139127e-02 
-1.130982e-02 
-1.133773e-02 
-1.117232e-02 
-1.049736e-02 
-1.043648e-02 
-1.132371e-02 
-1.300358e-02 
-1.426077e-02 
-1.458542e-02 
-1.436093e-02 
-1.357074e-02 
-1.230155e-02 
-1.134039e-02 
-1.042830e-02 
-9.260759e-03 
-8.414043e-03 
-8.179668e-03 
-8.088917e-03 
-7.742032e-03 
-7.178384e-03 
-6.682254e-03 
-6.621904e-03 
-6.999318e-03 
-7.706007e-03 
-8.219343e-03 
-8.339495e-03 
-8.255148e-03 
-8.438025e-03 
-9.322034e-03 
-1.047027e-02 
-1.080985e-02 
-9.879505e-03 
-8.479123e-03 
-7.327425e-03 
-6.074517e-03 
-4.953717e-03 
-3.692698e-03 
-2.325748e-03 
-9.368716e-04 
5.728716e-04 
1.681945e-03 
2.837061e-03 
4.081033e-03 
4.850492e-03 
5.020974e-03 
4.933439e-03 
4.813825e-03 
4.259272e-03 
3.154251e-03 
2.225223e-03 
1.733117e-03 
7.911510e-04 
2.904105e-04 
1.021395e-03 
2.035371e-03 
2.444760e-03 
2.315071e-03 
2.281950e-03 
3.232347e-03 
4.608583e-03 
5.368574e-03 
5.359073e-03 
5.135427e-03 
5.090902e-03 
5.180807e-03 
5.230066e-03 
5.195014e-03 
5.151450e-03 
5.147140e-03 
5.181540e-03 
5.186633e-03 
5.161750e-03 
5.141406e-03 
5.109034e-03 
4.695576e-03 
4.024112e-03 
3.599492e-03 
3.551122e-03 
3.655830e-03 
3.705495e-03 
3.679653e-03 
3.649642e-03 
3.600693e-03 
3.147984e-03 
2.484517e-03 
2.096140e-03 
1.900072e-03 
1.785465e-03 
1.648664e-03 
1.363964e-03 
1.072766e-03 
1.204109e-03 
1.566195e-03 
2.089777e-03 
3.009141e-03 
3.915022e-03 
4.442623e-03 
5.015996e-03 
5.929482e-03 
7.037091e-03 
8.049147e-03 
8.930046e-03 
9.490202e-03 
9.719243e-03 
9.816492e-03 
9.923234e-03 
9.769380e-03 
9.346884e-03 
9.289137e-03 
9.492919e-03 
9.165679e-03 
8.229524e-03 
6.992319e-03 
5.757922e-03 
4.701111e-03 
3.943179e-03 
3.296053e-03 
2.533016e-03 
1.454469e-03 
2.001093e-04 
-9.481821e-04 
-1.916487e-03 
-2.822722e-03 
-3.793481e-03 
-4.778844e-03 
-5.752265e-03 
-6.401577e-03 
-6.610352e-03 
-6.568351e-03 
-6.509620e-03 
-6.525466e-03 
-6.411108e-03 
-5.824141e-03 
-5.057442e-03 
-4.245131e-03 
-3.715137e-03 
-3.575855e-03 
-3.622579e-03 
-3.656008e-03 
-3.649012e-03 
-3.659400e-03 
-3.664481e-03 
-3.666513e-03 
-3.430465e-03 
-2.986575e-03 
-3.054720e-03 
-3.464320e-03 
-3.727817e-03 
-3.722392e-03 
-3.724857e-03 
-4.398485e-03 
-5.151327e-03 
-4.868932e-03 
-3.992280e-03 
-3.442477e-03 
-3.433904e-03 
-3.613987e-03 
-3.325859e-03 
-2.392643e-03 
-1.816083e-03 
-2.156807e-03 
-3.028648e-03 
-3.570152e-03 
-3.560712e-03 
-3.460388e-03 
-3.935617e-03 
-4.638004e-03 
-5.311286e-03 
-5.928314e-03 
-6.234794e-03 
-6.237558e-03 
-6.136557e-03 
-5.900637e-03 
-4.921124e-03 
-3.625953e-03 
-2.729798e-03 
-1.692531e-03 
-3.478913e-04 
1.386706e-03 
3.013528e-03 
4.587357e-03 
5.824288e-03 
6.789542e-03 
7.916189e-03 
8.939734e-03 
9.437534e-03 
9.475528e-03 
9.392446e-03 
9.374637e-03 
9.434721e-03 
9.325866e-03 
9.125138e-03 
8.985370e-03 
9.175376e-03 
9.444209e-03 
8.939452e-03 
7.664078e-03 
6.693744e-03 
6.414175e-03 
6.028136e-03 
5.016826e-03 
3.671454e-03 
2.128617e-03 
1.040388e-03 
5.399423e-04 
1.997689e-04 
-6.947832e-04 
-1.604293e-03 
-1.537198e-03 
-6.372252e-04 
2.581333e-04 
8.096765e-04 
9.847320e-04 
1.213937e-03 
1.652192e-03 
2.210882e-03 
2.758800e-03 
2.906991e-03 
2.994715e-03 
3.445926e-03 
4.329074e-03 
5.729856e-03 
6.924829e-03 
8.102290e-03 
9.276013e-03 
9.975145e-03 
1.010884e-02 
9.993170e-03 
9.924618e-03 
9.954435e-03 
1.000720e-02 
9.931344e-03 
9.593342e-03 
8.737748e-03 
7.686907e-03 
7.137919e-03 
7.181784e-03 
7.286735e-03 
6.917274e-03 
5.836046e-03 
4.562479e-03 
3.079042e-03 
1.883823e-03 
9.783262e-04 
1.180129e-04 
-6.556685e-04 
-1.157762e-03 
-1.306500e-03 
-1.044356e-03 
-9.131742e-04 
-1.436666e-03 
-2.308652e-03 
-3.010085e-03 
-3.392576e-03 
-3.524504e-03 
-4.085194e-03 
-5.287122e-03 
-5.819922e-03 
-5.021961e-03 
-4.165127e-03 
-4.029042e-03 
-3.928912e-03 
-3.627439e-03 
-2.909125e-03 
-1.558143e-03 
-4.774738e-04 
6.590316e-05 
5.004645e-04 
4.508056e-04 
-1.148455e-05 
-4.378671e-04 
-7.598799e-04 
-8.801363e-04 
-9.850826e-04 
-9.070303e-04 
-7.065521e-04 
-1.395086e-03 
-2.680846e-03 
-3.526156e-03 
-3.615880e-03 
-3.396480e-03 
-3.309722e-03 
-3.382284e-03 
-3.248405e-03 
-2.801132e-03 
-2.222692e-03 
-2.078483e-03 
-2.469986e-03 
-3.071986e-03 
-3.437885e-03 
-3.465592e-03 
-3.377778e-03 
-3.201654e-03 
-2.201389e-03 
-1.098230e-03 
-5.408002e-04 
-4.006569e-04 
-3.977693e-04 
-3.704700e-04 
-3.065558e-04 
-6.073371e-04 
-1.528806e-03 
-2.560145e-03 
-3.153223e-03 
-3.348000e-03 
-4.120380e-03 
-5.395736e-03 
-6.207364e-03 
-6.241069e-03 
-5.973819e-03 
-6.074712e-03 
-6.674886e-03 
-7.812705e-03 
-8.837549e-03 
-9.965431e-03 
-1.112649e-02 
-1.248568e-02 
-1.392739e-02 
-1.498779e-02 
-1.587508e-02 
-1.682454e-02 
-1.743701e-02 
-1.757220e-02 
-1.744677e-02 
-1.729037e-02 
-1.652328e-02 
-1.516385e-02 
-1.418094e-02 
-1.378083e-02 
-1.316121e-02 
-1.205719e-02 
-1.117681e-02 
-1.087129e-02 
-1.037125e-02 
-9.182123e-03 
-8.140642e-03 
-7.786389e-03 
-7.892017e-03 
-8.004512e-03 
-7.948192e-03 
-7.845292e-03 
-7.760509e-03 
-7.079060e-03 
-5.701116e-03 
-4.271661e-03 
-3.578209e-03 
-3.337169e-03 
-2.711236e-03 
-1.870290e-03 
-5.595123e-04 
6.701144e-04 
1.303127e-03 
2.072863e-03 
3.240509e-03 
4.239896e-03 
5.249848e-03 
6.272403e-03 
6.954320e-03 
7.220301e-03 
7.931285e-03 
9.180816e-03 
1.005447e-02 
1.020949e-02 
1.003282e-02 
9.912688e-03 
9.956596e-03 
1.002725e-02 
1.004408e-02 
1.003081e-02 
1.002440e-02 
1.002430e-02 
1.001455e-02 
1.010851e-02 
1.035011e-02 
1.032922e-02 
1.011417e-02 
9.942456e-03 
9.907603e-03 
9.786682e-03 
8.848285e-03 
7.541153e-03 
6.789918e-03 
6.740353e-03 
6.661105e-03 
5.597747e-03 
4.332544e-03 
3.616527e-03 
2.763809e-03 
1.681217e-03 
1.013066e-03 
4.816193e-04 
-3.421693e-04 
-1.209913e-03 
-1.689430e-03 
-1.720244e-03 
-1.572197e-03 
-1.469675e-03 
-1.424709e-03 
-1.373821e-03 
-1.285463e-03 
-1.143796e-03 
-8.069140e-04 
-5.176056e-04 
-7.613737e-05 
9.561783e-04 
1.922686e-03 
1.809111e-03 
1.326864e-03 
1.567669e-03 
2.181866e-03 
2.534401e-03 
2.532274e-03 
2.430610e-03 
2.411609e-03 
2.626843e-03 
2.873489e-03 
3.006685e-03 
2.818960e-03 
2.533050e-03 
2.395081e-03 
2.412002e-03 
2.535222e-03 
2.952833e-03 
3.946316e-03 
5.114925e-03 
5.746394e-03 
5.810257e-03 
5.749002e-03 
6.413238e-03 
7.779647e-03 
8.818626e-03 
9.101301e-03 
8.978433e-03 
8.906827e-03 
8.995025e-03 
9.145619e-03 
9.234818e-03 
9.266081e-03 
9.032537e-03 
8.377395e-03 
7.415252e-03 
6.664357e-03 
6.424540e-03 
6.898258e-03 
7.338426e-03 
7.159095e-03 
6.676395e-03 
5.713251e-03 
4.486791e-03 
3.641503e-03 
2.712304e-03 
1.686268e-03 
1.496242e-03 
1.905384e-03 
2.005944e-03 
1.534541e-03 
9.663736e-04 
7.416712e-04 
7.911685e-04 
7.812480e-04 
3.416145e-04 
-7.792616e-04 
-1.878445e-03 
-2.325809e-03 
-2.252717e-03 
-2.103329e-03 
-2.093281e-03 
-2.158628e-03 
-2.191387e-03 
-2.025908e-03 
-1.065899e-03 
2.107272e-04 
1.079539e-03 
2.079245e-03 
3.193591e-03 
3.865755e-03 
3.968348e-03 
3.828459e-03 
3.752886e-03 
3.784683e-03 
3.827726e-03 
3.828191e-03 
3.806450e-03 
3.583334e-03 
2.546635e-03 
1.275268e-03 
6.261005e-04 
6.355034e-04 
7.622143e-04 
-7.163876e-06 
-1.384236e-03 
-2.256107e-03 
-2.341483e-03 
-2.119423e-03 
-2.025307e-03 
-2.141636e-03 
-2.727787e-03 
-3.853134e-03 
-4.864499e-03 
-5.244366e-03 
-5.224778e-03 
-5.772613e-03 
-7.069533e-03 
-8.095908e-03 
-8.363132e-03 
-8.350666e-03 
-9.246830e-03 
-1.059468e-02 
-1.107803e-02 
-1.030367e-02 
-9.628563e-03 
-9.267106e-03 
-8.973538e-03 
-8.646771e-03 
-8.298706e-03 
-8.122496e-03 
-8.096322e-03 
-8.108359e-03 
-8.081463e-03 
-8.021113e-03 
-7.961809e-03 
-7.916097e-03 
-7.889150e-03 
-7.851505e-03 
-7.807031e-03 
-7.746490e-03 
-7.654897e-03 
-7.220610e-03 
-6.115587e-03 
-4.901356e-03 
-4.291391e-03 
-4.250827e-03 
-4.326554e-03 
-4.287551e-03 
-4.171288e-03 
-4.091780e-03 
-4.056433e-03 
-4.039648e-03 
-4.005934e-03 
-3.945402e-03 
-3.695684e-03 
-3.067393e-03 
-2.826081e-03 
-2.645663e-03 
-2.192554e-03 
-2.540569e-03 
-3.360274e-03 
-3.878173e-03 
-3.899555e-03 
-3.741073e-03 
-3.678730e-03 
-3.611785e-03 
-2.945027e-03 
-2.466761e-03 
-2.886558e-03 
-3.734909e-03 
-4.972274e-03 
-5.583491e-03 
-5.289141e-03 
-5.468033e-03 
-6.163238e-03 
-6.672750e-03 
-6.702883e-03 
-6.396877e-03 
-5.563041e-03 
-4.365089e-03 
-3.526676e-03 
-3.259056e-03 
-2.514776e-03 
-1.211935e-03 
-3.097839e-04 
-1.599404e-04 
-3.649561e-04 
-4.826938e-04 
-4.379225e-04 
-3.700931e-04 
-2.554414e-04 
4.911024e-04 
1.240664e-03 
1.413722e-03 
1.400362e-03 
1.347860e-03 
1.272719e-03 
1.180864e-03 
8.809603e-04 
4.115349e-04 
-4.457208e-05 
-2.569361e-04 
-4.776470e-04 
-1.061035e-03 
-1.589181e-03 
-1.744970e-03 
-1.542586e-03 
-8.615225e-04 
-1.073935e-04 
2.629462e-04 
4.838915e-04 
1.538190e-03 
2.840570e-03 
3.489445e-03 
3.474964e-03 
3.472745e-03 
4.273807e-03 
4.913906e-03 
4.442958e-03 
2.963151e-03 
1.296498e-03 
4.450415e-04 
4.278350e-04 
6.703664e-04 
7.593622e-04 
7.171603e-04 
6.798958e-04 
6.983483e-04 
7.478048e-04 
9.747697e-04 
1.606796e-03 
2.421707e-03 
3.304371e-03 
3.843587e-03 
3.955386e-03 
3.875527e-03 
3.965719e-03 
4.719351e-03 
5.830780e-03 
6.130996e-03 
5.727684e-03 
5.343804e-03 
5.288986e-03 
5.309697e-03 
4.853863e-03 
4.194214e-03 
3.827462e-03 
3.806680e-03 
3.911233e-03 
3.974668e-03 
3.971350e-03 
3.921821e-03 
3.697909e-03 
3.662259e-03 
3.777093e-03 
3.674452e-03 
3.503508e-03 
3.689725e-03 
4.040669e-03 
4.255931e-03 
4.289798e-03 
4.278431e-03 
4.323989e-03 
4.415466e-03 
4.503869e-03 
4.555624e-03 
4.687331e-03 
5.680053e-03 
7.062837e-03 
7.873864e-03 
7.799441e-03 
6.669438e-03 
5.992156e-03 
6.559630e-03 
6.781043e-03 
5.985094e-03 
5.097428e-03 
4.820143e-03 
5.014589e-03 
5.222588e-03 
5.241724e-03 
5.171384e-03 
5.151863e-03 
4.999136e-03 
4.178843e-03 
2.972136e-03 
2.215485e-03 
2.141562e-03 
2.352241e-03 
2.458522e-03 
2.415449e-03 
2.356187e-03 
2.353938e-03 
2.502299e-03 
3.101156e-03 
4.060011e-03 
5.040124e-03 
5.544372e-03 
5.561334e-03 
5.230543e-03 
5.082685e-03 
4.478806e-03 
3.385019e-03 
2.629731e-03 
2.530990e-03 
2.762218e-03 
2.932654e-03 
2.956398e-03 
3.365858e-03 
4.452098e-03 
5.599954e-03 
6.176249e-03 
6.235715e-03 
6.155329e-03 
6.164939e-03 
6.290330e-03 
6.404250e-03 
6.435438e-03 
6.236549e-03 
5.179675e-03 
3.970040e-03 
3.415493e-03 
3.476200e-03 
3.670139e-03 
3.734052e-03 
3.679815e-03 
3.651268e-03 
3.687164e-03 
3.729701e-03 
3.739913e-03 
3.729524e-03 
3.642434e-03 
2.861149e-03 
1.545846e-03 
5.589679e-04 
-3.787817e-04 
-1.485469e-03 
-2.240114e-03 
-2.596419e-03 
-2.918018e-03 
-3.814244e-03 
-4.858420e-03 
-5.378193e-03 
-5.370846e-03 
-5.224248e-03 
-5.237401e-03 
-5.534209e-03 
-5.605324e-03 
-5.693982e-03 
-6.520212e-03 
-6.820814e-03 
-6.304192e-03 
-6.519453e-03 
-7.535812e-03 
-8.337697e-03 
-8.470877e-03 
-8.413054e-03 
-8.486508e-03 
-8.481749e-03 
-8.949155e-03 
-1.013926e-02 
-1.113722e-02 
-1.142232e-02 
-1.127529e-02 
-1.112954e-02 
-1.109690e-02 
-1.039046e-02 
-9.024802e-03 
-8.033392e-03 
-7.810788e-03 
-7.962660e-03 
-8.017541e-03 
-7.288029e-03 
-5.643960e-03 
-4.373502e-03 
-3.489600e-03 
-2.543557e-03 
-1.809818e-03 
-1.462373e-03 
-7.819849e-04 
3.139070e-04 
1.132884e-03 
1.545018e-03 
1.670497e-03 
1.720692e-03 
1.781436e-03 
1.835362e-03 
1.864108e-03 
1.407652e-03 
2.045432e-04 
-8.343316e-04 
-1.141891e-03 
-1.061180e-03 
-1.413188e-03 
-2.296380e-03 
-3.308198e-03 
-3.840834e-03 
-3.869543e-03 
-3.743909e-03 
-3.701621e-03 
-3.712166e-03 
-3.701673e-03 
-3.684677e-03 
-3.668156e-03 
-3.657234e-03 
-3.653667e-03 
-3.647313e-03 
-3.159028e-03 
-2.385239e-03 
-2.533013e-03 
-3.271998e-03 
-3.431063e-03 
-2.719627e-03 
-1.912616e-03 
-1.388633e-03 
-1.074584e-03 
-1.189890e-03 
-1.633549e-03 
-2.192843e-03 
-2.686924e-03 
-3.051093e-03 
-3.178677e-03 
-3.124669e-03 
-3.034459e-03 
-3.018790e-03 
-3.563816e-03 
-4.784608e-03 
-5.709216e-03 
-5.550723e-03 
-5.015499e-03 
-5.006404e-03 
-5.009406e-03 
-4.532379e-03 
-3.979772e-03 
-3.446249e-03 
-3.025991e-03 
-2.676742e-03 
-2.361969e-03 
-2.190258e-03 
-2.165981e-03 
-2.198347e-03 
-2.209923e-03 
-2.168415e-03 
-2.110077e-03 
-1.811740e-03 
-7.220956e-04 
4.959635e-04 
1.080284e-03 
1.421555e-03 
1.669761e-03 
1.993728e-03 
2.406855e-03 
3.114339e-03 
3.734979e-03 
3.972524e-03 
3.923743e-03 
3.826328e-03 
3.822949e-03 
4.076162e-03 
4.232561e-03 
4.083114e-03 
3.857724e-03 
3.617497e-03 
2.642372e-03 
1.334224e-03 
4.125732e-04 
3.603985e-04 
7.270280e-04 
9.601008e-04 
9.333113e-04 
8.445720e-04 
9.676594e-04 
2.011547e-03 
3.345752e-03 
4.028835e-03 
4.016650e-03 
4.155679e-03 
5.065929e-03 
5.968696e-03 
6.269887e-03 
6.344774e-03 
6.468777e-03 
6.470478e-03 
5.978199e-03 
4.825438e-03 
3.915064e-03 
3.697621e-03 
3.883910e-03 
4.232203e-03 
5.213225e-03 
5.562204e-03 
4.838112e-03 
4.039517e-03 
3.842486e-03 
4.062796e-03 
4.242975e-03 
4.123874e-03 
3.404230e-03 
2.254320e-03 
1.457060e-03 
1.302967e-03 
1.497073e-03 
1.670864e-03 
1.700548e-03 
1.690264e-03 
1.581556e-03 
1.309406e-03 
1.243270e-03 
9.873698e-04 
5.793900e-05 
-7.861063e-04 
-1.040625e-03 
-8.986172e-04 
-7.347616e-04 
-6.994905e-04 
-7.301222e-04 
-7.155318e-04 
-7.027547e-04 
-8.837754e-04 
-1.378363e-03 
-1.961552e-03 
-1.580951e-03 
-7.833069e-04 
-3.601297e-04 
-7.318537e-04 
-1.890206e-03 
-3.119427e-03 
-3.683761e-03 
-3.648732e-03 
-3.502684e-03 
-3.704245e-03 
-3.878579e-03 
-3.993164e-03 
-4.080893e-03 
-3.915454e-03 
-3.625752e-03 
-3.440091e-03 
-3.425725e-03 
-3.439883e-03 
-3.391775e-03 
-3.327101e-03 
-3.296069e-03 
-3.271297e-03 
-3.239635e-03 
-3.198792e-03 
-3.148925e-03 
-3.095649e-03 
-3.037101e-03 
-2.971336e-03 
-2.923749e-03 
-2.889713e-03 
-2.815624e-03 
-2.737238e-03 
-2.401946e-03 
-1.394927e-03 
-1.769488e-04 
5.344455e-04 
6.811569e-04 
1.261788e-03 
2.557520e-03 
3.580159e-03 
3.678447e-03 
3.395396e-03 
3.411429e-03 
3.523759e-03 
2.689634e-03 
1.501597e-03 
1.617906e-03 
2.718885e-03 
3.637398e-03 
3.947617e-03 
3.346539e-03 
2.057160e-03 
1.567991e-03 
1.942033e-03 
1.959649e-03 
1.391963e-03 
8.963940e-04 
7.277340e-04 
8.202944e-05 
-1.137158e-03 
-2.031138e-03 
-2.217566e-03 
-2.038723e-03 
-1.925271e-03 
-2.309682e-03 
-3.549292e-03 
-4.632450e-03 
-4.253942e-03 
-3.871667e-03 
-4.314592e-03 
-4.995621e-03 
-5.266784e-03 
-5.134316e-03 
-4.975976e-03 
-4.955670e-03 
-4.992271e-03 
-5.004752e-03 
-4.992003e-03 
-4.971069e-03 
-4.957504e-03 
-4.855780e-03 
-4.224754e-03 
-2.999080e-03 
-1.961395e-03 
-1.597076e-03 
-1.664976e-03 
-1.663856e-03 
-8.214875e-04 
3.332562e-04 
3.876402e-04 
-5.881546e-04 
-1.384030e-03 
-1.470043e-03 
-1.201056e-03 
-1.007859e-03 
-9.815751e-04 
-9.946881e-04 
-9.354502e-04 
-8.346905e-04 
-7.668977e-04 
-3.834102e-04 
8.170320e-04 
2.064145e-03 
2.605157e-03 
2.553263e-03 
2.419943e-03 
2.658103e-03 
3.382792e-03 
4.160659e-03 
4.670412e-03 
4.868214e-03 
5.139831e-03 
5.429703e-03 
5.569720e-03 
5.556062e-03 
5.490871e-03 
5.475088e-03 
5.503648e-03 
5.515596e-03 
5.475053e-03 
5.426474e-03 
5.408588e-03 
5.477313e-03 
6.270911e-03 
7.184036e-03 
7.751825e-03 
8.117832e-03 
8.299301e-03 
8.355238e-03 
8.366340e-03 
8.377924e-03 
8.367850e-03 
8.343569e-03 
8.350730e-03 
8.385569e-03 
8.398151e-03 
8.824660e-03 
9.975386e-03 
1.060361e-02 
1.038301e-02 
1.027645e-02 
1.052383e-02 
1.050066e-02 
9.936160e-03 
9.103901e-03 
8.992225e-03 
9.984266e-03 
1.112202e-02 
1.115280e-02 
1.004166e-02 
8.991014e-03 
8.716018e-03 
8.855970e-03 
8.746266e-03 
7.957140e-03 
6.815385e-03 
6.157067e-03 
5.922684e-03 
5.615452e-03 
4.653273e-03 
3.718846e-03 
3.306575e-03 
2.798858e-03 
1.792561e-03 
8.861543e-04 
4.847300e-04 
7.593462e-05 
-4.988587e-04 
-1.311022e-03 
-1.950301e-03 
-2.152765e-03 
-2.052762e-03 
-1.953979e-03 
-1.961886e-03 
-1.987810e-03 
-2.072883e-03 
-2.389678e-03 
-3.222372e-03 
-4.331564e-03 
-4.999605e-03 
-5.074857e-03 
-4.939427e-03 
-4.909935e-03 
-5.585914e-03 
-6.966928e-03 
-7.973072e-03 
-8.087562e-03 
-7.658750e-03 
-7.558504e-03 
-7.800007e-03 
-8.025070e-03 
-8.047253e-03 
-7.968538e-03 
-7.943824e-03 
-8.184823e-03 
-8.536300e-03 
-8.505041e-03 
-8.266969e-03 
-8.880531e-03 
-1.014925e-02 
-1.097717e-02 
-1.102444e-02 
-1.075827e-02 
-1.063538e-02 
-1.067435e-02 
-1.070307e-02 
-1.064927e-02 
-1.054251e-02 
-1.044871e-02 
-1.028149e-02 
-9.568209e-03 
-8.309271e-03 
-7.297918e-03 
-6.914010e-03 
-6.398356e-03 
-5.335980e-03 
-4.223974e-03 
-3.675632e-03 
-3.649093e-03 
-3.762936e-03 
-3.669925e-03 
-3.335545e-03 
-3.159189e-03 
-2.864010e-03 
-2.914133e-03 
-3.270793e-03 
-3.531134e-03 
-3.554066e-03 
-3.472114e-03 
-3.421064e-03 
-3.448380e-03 
-3.474406e-03 
-3.490219e-03 
-3.504200e-03 
-3.513738e-03 
-3.494321e-03 
-3.311303e-03 
-2.359882e-03 
-1.441699e-03 
-1.598103e-03 
-1.733584e-03 
-1.160187e-03 
-4.743010e-04 
-2.631374e-04 
-1.095539e-03 
-2.046463e-03 
-1.701653e-03 
-1.170040e-03 
-1.793475e-03 
-2.976068e-03 
-3.702559e-03 
-3.540437e-03 
-3.071599e-03 
-2.828756e-03 
-2.846379e-03 
-2.878268e-03 
-2.803596e-03 
-2.685773e-03 
-2.590753e-03 
-1.908254e-03 
-7.290407e-04 
-7.973964e-04 
-1.792043e-03 
-2.086935e-03 
-8.540473e-04 
5.922074e-04 
1.159122e-03 
1.016498e-03 
8.058200e-04 
9.112916e-04 
1.383563e-03 
1.901521e-03 
2.106277e-03 
1.959564e-03 
1.452038e-03 
1.049897e-03 
9.623887e-04 
1.057390e-03 
9.104901e-04 
6.779026e-04 
4.512259e-04 
4.339609e-04 
7.374010e-04 
1.025769e-03 
1.135059e-03 
1.100648e-03 
1.031847e-03 
1.005178e-03 
1.014555e-03 
1.025860e-03 
1.025454e-03 
1.020642e-03 
1.019489e-03 
1.021822e-03 
1.030169e-03 
1.046157e-03 
1.050993e-03 
1.068284e-03 
8.643534e-04 
-2.309212e-04 
-8.745563e-04 
-1.468277e-04 
8.776068e-04 
1.027624e-03 
4.593445e-04 
1.252686e-05 
-2.705707e-05 
4.154914e-04 
6.980976e-04 
8.051476e-04 
9.042081e-04 
9.956568e-04 
1.032064e-03 
1.023212e-03 
9.888435e-04 
9.884231e-04 
1.003018e-03 
1.019841e-03 
1.032521e-03 
7.588928e-04 
-3.945866e-04 
-1.608598e-03 
-2.097179e-03 
-1.951298e-03 
-1.674258e-03 
-1.573301e-03 
-1.587572e-03 
-1.583418e-03 
-1.517723e-03 
-1.451069e-03 
-1.199220e-03 
-6.508752e-04 
-3.177266e-04 
-2.449391e-04 
1.022089e-04 
7.416800e-04 
1.566323e-03 
2.129399e-03 
2.310254e-03 
2.311606e-03 
2.323086e-03 
2.394106e-03 
2.459209e-03 
2.503021e-03 
2.782397e-03 
3.727927e-03 
4.819297e-03 
5.507586e-03 
5.557532e-03 
4.801219e-03 
4.511619e-03 
5.011492e-03 
5.577115e-03 
5.733526e-03 
5.767733e-03 
6.019487e-03 
6.760173e-03 
7.809380e-03 
8.498898e-03 
8.551505e-03 
7.845838e-03 
6.635720e-03 
5.702168e-03 
5.453174e-03 
5.760151e-03 
6.948021e-03 
8.285435e-03 
8.407773e-03 
7.201423e-03 
6.233327e-03 
6.173838e-03 
6.427463e-03 
6.654694e-03 
6.728590e-03 
6.871214e-03 
7.067140e-03 
7.149056e-03 
6.917084e-03 
6.671058e-03 
6.639042e-03 
6.760798e-03 
6.875173e-03 
6.909329e-03 
6.924674e-03 
6.962982e-03 
7.028181e-03 
7.237307e-03 
8.067422e-03 
8.633102e-03 
8.169439e-03 
7.342076e-03 
6.945500e-03 
7.038057e-03 
7.207374e-03 
7.234321e-03 
7.145893e-03 
6.871621e-03 
6.747104e-03 
6.331203e-03 
5.213539e-03 
4.225526e-03 
4.047750e-03 
4.378224e-03 
4.439684e-03 
4.226214e-03 
4.052650e-03 
4.049271e-03 
4.132833e-03 
4.154902e-03 
4.113801e-03 
4.046269e-03 
3.770369e-03 
3.122082e-03 
2.007996e-03 
1.155953e-03 
8.927937e-04 
5.785141e-04 
-3.992559e-04 
-1.517961e-03 
-2.062203e-03 
-2.100283e-03 
-2.780408e-03 
-4.098482e-03 
-5.008067e-03 
-5.143481e-03 
-4.926413e-03 
-4.810342e-03 
-4.862232e-03 
-4.933425e-03 
-4.938635e-03 
-4.905180e-03 
-4.843916e-03 
-4.763127e-03 
-4.705221e-03 
-4.709409e-03 
-4.902443e-03 
-4.870662e-03 
-4.680378e-03 
-4.969466e-03 
-5.992860e-03 
-7.001758e-03 
-7.352012e-03 
-7.177177e-03 
-7.202726e-03 
-8.119946e-03 
-8.423717e-03 
-7.683504e-03 
-7.470505e-03 
-8.462584e-03 
-9.916005e-03 
-1.076834e-02 
-1.067503e-02 
-1.084584e-02 
-1.156041e-02 
-1.228242e-02 
-1.251379e-02 
-1.238285e-02 
-1.222957e-02 
-1.218651e-02 
-1.218951e-02 
-1.215728e-02 
-1.211037e-02 
-1.208875e-02 
-1.208796e-02 
-1.206100e-02 
-1.179511e-02 
-1.063087e-02 
-9.926003e-03 
-1.062263e-02 
-1.163820e-02 
-1.189455e-02 
-1.133867e-02 
-1.086732e-02 
-1.103257e-02 
-1.138245e-02 
-1.122734e-02 
-1.045772e-02 
-9.172855e-03 
-8.199557e-03 
-7.900469e-03 
-7.958576e-03 
-7.622701e-03 
-6.503916e-03 
-5.274049e-03 
-4.699861e-03 
-4.714535e-03 
-4.544148e-03 
-3.560527e-03 
-3.240989e-03 
-3.941197e-03 
-4.677740e-03 
-4.462957e-03 
-3.230736e-03 
-1.990439e-03 
-1.542029e-03 
-1.683547e-03 
-1.867594e-03 
-1.686934e-03 
-8.506411e-04 
-3.894639e-05 
2.723258e-04 
5.868641e-04 
9.926934e-04 
1.722449e-03 
2.881010e-03 
3.879860e-03 
4.258931e-03 
4.190278e-03 
4.066311e-03 
4.061292e-03 
4.114961e-03 
4.138406e-03 
4.123946e-03 
4.107583e-03 
4.107334e-03 
4.114903e-03 
4.135985e-03 
4.159775e-03 
4.154280e-03 
4.142080e-03 
4.132996e-03 
4.138405e-03 
4.140599e-03 
4.164676e-03 
4.178440e-03 
4.168006e-03 
4.143242e-03 
4.120768e-03 
4.112414e-03 
4.114021e-03 
4.116675e-03 
4.116783e-03 
4.255941e-03 
4.841129e-03 
5.482305e-03 
5.981393e-03 
6.390686e-03 
6.799779e-03 
7.062008e-03 
7.142923e-03 
7.136759e-03 
7.156507e-03 
7.212925e-03 
7.143057e-03 
7.002409e-03 
7.120743e-03 
7.388869e-03 
7.569567e-03 
7.556766e-03 
6.731918e-03 
5.447447e-03 
4.696187e-03 
4.709355e-03 
4.960007e-03 
4.654943e-03 
3.755814e-03 
2.745646e-03 
2.236646e-03 
2.255382e-03 
2.454633e-03 
2.556667e-03 
2.587344e-03 
2.860154e-03 
3.400689e-03 
3.941034e-03 
3.958853e-03 
3.304899e-03 
2.696825e-03 
2.550994e-03 
2.707778e-03 
2.817294e-03 
2.779541e-03 
2.707274e-03 
2.706911e-03 
2.772858e-03 
2.825285e-03 
2.832126e-03 
2.817858e-03 
2.810812e-03 
2.819638e-03 
2.858479e-03 
2.903057e-03 
2.942286e-03 
2.985292e-03 
3.033002e-03 
3.085433e-03 
3.124610e-03 
3.168521e-03 
3.234559e-03 
3.333458e-03 
3.416322e-03 
3.476694e-03 
3.532032e-03 
3.594585e-03 
3.570066e-03 
3.108589e-03 
2.847987e-03 
3.168945e-03 
2.886791e-03 
1.646003e-03 
7.316618e-04 
6.956536e-04 
5.727342e-04 
-4.657382e-04 
-1.592465e-03 
-2.029992e-03 
-1.900286e-03 
-1.711813e-03 
-1.722139e-03 
-2.040058e-03 
-2.660762e-03 
-3.506375e-03 
-4.280601e-03 
-4.689072e-03 
-4.770873e-03 
-4.733721e-03 
-4.729913e-03 
-4.899213e-03 
-5.326387e-03 
-6.295504e-03 
-7.368058e-03 
-7.903874e-03 
-7.904176e-03 
-7.754520e-03 
-7.751585e-03 
-8.487840e-03 
-9.610624e-03 
-1.004518e-02 
-9.360892e-03 
-8.224563e-03 
-7.614024e-03 
-7.629933e-03 
-7.817628e-03 
-7.819668e-03 
-7.470493e-03 
-7.102314e-03 
-6.522569e-03 
-5.597088e-03 
-4.910652e-03 
-4.734762e-03 
-4.843936e-03 
-4.919188e-03 
-4.891693e-03 
-4.835824e-03 
-4.793510e-03 
-4.386278e-03 
-3.163598e-03 
-1.984850e-03 
-1.511207e-03 
-1.585645e-03 
-1.715240e-03 
-1.669547e-03 
-1.530827e-03 
-1.419059e-03 
-1.038358e-03 
-3.106788e-04 
6.085412e-04 
1.458719e-03 
1.900372e-03 
1.997566e-03 
2.148304e-03 
3.143177e-03 
4.541496e-03 
5.381554e-03 
5.492178e-03 
5.705755e-03 
6.924290e-03 
8.247216e-03 
8.803025e-03 
8.724854e-03 
8.565469e-03 
8.457665e-03 
8.234064e-03 
7.831772e-03 
7.688806e-03 
7.289617e-03 
6.801645e-03 
6.369320e-03 
6.156991e-03 
6.178451e-03 
6.290468e-03 
6.368286e-03 
6.410099e-03 
6.462004e-03 
6.550423e-03 
6.656609e-03 
6.727874e-03 
6.746024e-03 
6.427352e-03 
5.329896e-03 
4.203912e-03 
3.749813e-03 
3.901523e-03 
4.155125e-03 
4.216629e-03 
4.155447e-03 
4.138562e-03 
4.158064e-03 
4.175382e-03 
3.875070e-03 
3.306116e-03 
3.366375e-03 
3.915058e-03 
4.321050e-03 
4.358604e-03 
4.229798e-03 
4.143511e-03 
4.170300e-03 
4.223086e-03 
4.202638e-03 
3.924659e-03 
3.697180e-03 
3.513633e-03 
3.018270e-03 
2.045399e-03 
1.232853e-03 
9.766919e-04 
1.079713e-03 
1.188962e-03 
1.179658e-03 
1.127615e-03 
1.111084e-03 
1.127595e-03 
1.141758e-03 
1.140275e-03 
1.133370e-03 
1.131144e-03 
1.133254e-03 
1.135081e-03 
1.134881e-03 
1.135566e-03 
8.920546e-04 
-1.720563e-04 
-1.372028e-03 
-1.896620e-03 
-1.795322e-03 
-1.557238e-03 
-1.540666e-03 
-2.072641e-03 
-2.951213e-03 
-3.663687e-03 
-4.112363e-03 
-4.368411e-03 
-5.142096e-03 
-6.366622e-03 
-7.159542e-03 
-7.226039e-03 
-6.754942e-03 
-6.506627e-03 
-7.298915e-03 
-7.998928e-03 
-7.677705e-03 
-7.075534e-03 
-6.614682e-03 
-6.459951e-03 
-6.454395e-03 
-6.431525e-03 
-6.362088e-03 
-6.291365e-03 
-6.254275e-03 
-6.100374e-03 
-5.725063e-03 
-5.368055e-03 
-4.969624e-03 
-4.259770e-03 
-3.623476e-03 
-3.650099e-03 
-3.993685e-03 
-4.146608e-03 
-4.230246e-03 
-4.158240e-03 
-4.069780e-03 
-3.930880e-03 
-3.956311e-03 
-3.985104e-03 
-3.922534e-03 
-3.898011e-03 
-3.998885e-03 
-4.011260e-03 
-4.143422e-03 
-4.449313e-03 
-4.762026e-03 
-5.327724e-03 
-5.940433e-03 
-6.251278e-03 
-6.256025e-03 
-6.172339e-03 
-6.242557e-03 
-6.795504e-03 
-7.451602e-03 
-7.736934e-03 
-7.777307e-03 
-8.192302e-03 
-8.774726e-03 
-9.062753e-03 
-9.119875e-03 
-9.166761e-03 
-9.005348e-03 
-8.793092e-03 
-8.857461e-03 
-8.652942e-03 
-7.796822e-03 
-6.954693e-03 
-6.621388e-03 
-6.645393e-03 
-6.688061e-03 
-6.642635e-03 
-6.554906e-03 
-6.176309e-03 
-5.467871e-03 
-4.926557e-03 
-4.785100e-03 
-4.826873e-03 
-4.350891e-03 
-3.299985e-03 
-2.487694e-03 
-2.055314e-03 
-1.830655e-03 
-1.253201e-03 
-8.792557e-05 
1.006937e-03 
1.452739e-03 
1.388130e-03 
1.253506e-03 
1.592899e-03 
2.601457e-03 
3.654560e-03 
4.332708e-03 
4.587287e-03 
5.347532e-03 
6.118023e-03 
5.830574e-03 
5.337774e-03 
5.857417e-03 
6.917030e-03 
7.742358e-03 
8.220724e-03 
8.351140e-03 
8.231178e-03 
8.436652e-03 
9.127518e-03 
9.923205e-03 
1.054525e-02 
1.053456e-02 
1.003377e-02 
1.025734e-02 
1.099881e-02 
1.150666e-02 
1.159774e-02 
1.153135e-02 
1.152307e-02 
1.160236e-02 
1.168363e-02 
1.173565e-02 
1.147660e-02 
1.087803e-02 
1.046730e-02 
1.048787e-02 
1.091501e-02 
1.113928e-02 
1.121486e-02 
1.108010e-02 
1.081657e-02 
1.078202e-02 
1.070887e-02 
1.060406e-02 
1.043077e-02 
1.054833e-02 
1.035029e-02 
9.488651e-03 
8.629445e-03 
7.949486e-03 
7.374749e-03 
6.634016e-03 
5.743569e-03 
5.042297e-03 
4.718367e-03 
4.175668e-03 
3.279386e-03 
2.630234e-03 
2.467450e-03 
2.182780e-03 
1.212746e-03 
5.873632e-05 
-6.679393e-04 
-8.982248e-04 
-1.116666e-03 
-1.372084e-03 
-1.377412e-03 
-1.686115e-03 
-2.575198e-03 
-3.342646e-03 
-3.576354e-03 
-3.460633e-03 
-3.366422e-03 
-3.504038e-03 
-3.750525e-03 
-3.957650e-03 
-4.245749e-03 
-4.798128e-03 
-5.413010e-03 
-5.733159e-03 
-5.618831e-03 
-5.675720e-03 
-6.101390e-03 
-6.479258e-03 
-6.560034e-03 
-6.477835e-03 
-6.431209e-03 
-6.537505e-03 
-7.061245e-03 
-7.679227e-03 
-7.956663e-03 
-7.932324e-03 
-7.733794e-03 
-7.460003e-03 
-7.484668e-03 
-7.658851e-03 
-7.718195e-03 
-7.429587e-03 
-7.257790e-03 
-7.478478e-03 
-7.813456e-03 
-7.740318e-03 
-7.466859e-03 
-7.497999e-03 
-7.669703e-03 
-7.713967e-03 
-7.612488e-03 
-7.316930e-03 
-6.990514e-03 
-6.798668e-03 
-6.708473e-03 
-6.473601e-03 
-6.157422e-03 
-5.823266e-03 
-5.393209e-03 
-4.924612e-03 
-4.603226e-03 
-4.461939e-03 
-4.375810e-03 
-3.965502e-03 
-3.186413e-03 
-2.772794e-03 
-2.650871e-03 
-2.166504e-03 
-1.318495e-03 
-5.812233e-04 
1.196395e-04 
3.330399e-04 
2.926047e-04 
5.313726e-04 
1.063899e-03 
1.749943e-03 
2.025549e-03 
1.894869e-03 
1.647006e-03 
1.695562e-03 
2.134705e-03 
2.550271e-03 
2.665200e-03 
2.564647e-03 
2.456442e-03 
2.426178e-03 
2.684794e-03 
3.342599e-03 
3.884505e-03 
4.035761e-03 
3.949982e-03 
3.873868e-03 
3.885410e-03 
4.145123e-03 
4.793876e-03 
5.348972e-03 
5.450586e-03 
5.131433e-03 
4.853641e-03 
4.900887e-03 
5.013076e-03 
5.032693e-03 
4.949864e-03 
5.080101e-03 
5.341022e-03 
5.479720e-03 
5.452838e-03 
5.384306e-03 
5.363888e-03 
5.381971e-03 
5.395973e-03 
5.391937e-03 
5.382430e-03 
5.378666e-03 
5.387628e-03 
5.281766e-03 
5.043224e-03 
4.707956e-03 
4.347627e-03 
4.232296e-03 
3.777379e-03 
2.862457e-03 
1.944260e-03 
1.509099e-03 
1.290238e-03 
1.053719e-03 
8.612128e-04 
4.805657e-04 
-3.582288e-04 
-1.158657e-03 
-1.572700e-03 
-1.837661e-03 
-2.032744e-03 
-2.140207e-03 
-2.150336e-03 
-2.102299e-03 
-2.088632e-03 
-2.093368e-03 
-2.085066e-03 
-2.069312e-03 
-2.125405e-03 
-2.380529e-03 
-2.366292e-03 
-2.109347e-03 
-1.927608e-03 
-2.159194e-03 
-2.450218e-03 
-2.503950e-03 
-2.702367e-03 
-2.969917e-03 
-3.092471e-03 
-3.032433e-03 
-2.883100e-03 
-2.754008e-03 
-2.680220e-03 
-2.636661e-03 
-2.822657e-03 
-3.179674e-03 
-3.196792e-03 
-3.081707e-03 
-3.237710e-03 
-3.629561e-03 
-4.289504e-03 
-4.795484e-03 
-5.013576e-03 
-4.881302e-03 
-5.164509e-03 
-5.321157e-03 
-4.576621e-03 
-3.395542e-03 
-2.775436e-03 
-3.160425e-03 
-3.169622e-03 
-2.183906e-03 
-1.180626e-03 
-6.288390e-04 
-8.813850e-05 
7.708701e-04 
1.655616e-03 
2.085417e-03 
2.092279e-03 
2.294007e-03 
3.055008e-03 
3.953721e-03 
4.616802e-03 
4.981601e-03 
5.098551e-03 
5.303693e-03 
5.505752e-03 
5.436628e-03 
5.646789e-03 
6.340908e-03 
7.125410e-03 
7.397952e-03 
7.048160e-03 
6.641755e-03 
6.525764e-03 
6.607821e-03 
6.673814e-03 
6.436588e-03 
5.772297e-03 
5.231554e-03 
5.059617e-03 
4.898236e-03 
4.507196e-03 
3.979257e-03 
3.650042e-03 
3.597601e-03 
3.584144e-03 
2.828872e-03 
1.544830e-03 
8.702246e-04 
7.564808e-04 
6.250724e-04 
3.823812e-04 
2.761092e-04 
2.314109e-04 
4.096060e-04 
2.042482e-04 
-7.169579e-04 
-1.753168e-03 
-2.299537e-03 
-2.320791e-03 
-1.923311e-03 
-1.508258e-03 
-1.693290e-03 
-2.122485e-03 
-2.354296e-03 
-2.321103e-03 
-2.247197e-03 
-2.247977e-03 
-2.285923e-03 
-2.295516e-03 
-2.324168e-03 
-2.601198e-03 
-2.946672e-03 
-3.253125e-03 
-3.592234e-03 
-3.844156e-03 
-4.156033e-03 
-4.239194e-03 
-4.063561e-03 
-3.868763e-03 
-3.801543e-03 
-3.597883e-03 
-3.207426e-03 
-2.664977e-03 
-2.283739e-03 
-2.142209e-03 
-2.112338e-03 
-2.078726e-03 
-1.985443e-03 
-1.876072e-03 
-1.767075e-03 
-1.663344e-03 
-1.537464e-03 
-1.392443e-03 
-1.238214e-03 
-9.738042e-04 
-6.205771e-04 
-5.229322e-04 
-5.529060e-04 
-5.111251e-04 
-3.588062e-04 
-1.811890e-04 
-1.695525e-04 
-9.266345e-04 
-1.796559e-03 
-1.589092e-03 
-7.271229e-04 
-3.625613e-04 
-7.218045e-04 
-1.478125e-03 
-1.820161e-03 
-1.476640e-03 
-9.073641e-04 
-6.269012e-04 
-6.589063e-04 
-7.574951e-04 
-6.743956e-04 
-9.266233e-05 
2.369808e-04 
-6.524136e-05 
-3.996746e-04 
-6.415333e-04 
-7.701687e-04 
-8.119190e-04 
-8.158063e-04 
-6.527345e-04 
-9.475442e-04 
-1.759302e-03 
-2.266542e-03 
-2.180615e-03 
-1.757836e-03 
-1.440842e-03 
-1.559864e-03 
-1.787915e-03 
-1.682334e-03 
-1.259128e-03 
-9.654309e-04 
-9.537665e-04 
-1.035003e-03 
-1.179939e-03 
-1.504718e-03 
-2.004839e-03 
-2.301950e-03 
-2.226146e-03 
-2.022990e-03 
-1.779369e-03 
-1.094510e-03 
-5.898092e-04 
-8.804091e-04 
-1.215070e-03 
-1.167685e-03 
-1.110058e-03 
-1.426854e-03 
-1.666728e-03 
-1.750648e-03 
-1.865014e-03 
-1.773233e-03 
-1.771758e-03 
-1.961767e-03 
-2.295190e-03 
-2.281487e-03 
-1.784049e-03 
-1.639255e-03 
-1.863966e-03 
-2.018856e-03 
-1.940682e-03 
-1.734395e-03 
-1.554742e-03 
-1.446018e-03 
-1.337980e-03 
-1.202514e-03 
-1.071197e-03 
-9.619079e-04 
-8.403825e-04 
-7.150055e-04 
-6.619516e-04 
-8.092061e-04 
-7.389148e-04 
-4.467920e-04 
-1.634226e-04 
2.249525e-04 
7.016584e-04 
1.141217e-03 
1.489259e-03 
1.663190e-03 
1.731348e-03 
1.777263e-03 
1.818643e-03 
1.862188e-03 
1.879403e-03 
1.878713e-03 
1.889343e-03 
1.905409e-03 
1.912954e-03 
1.910259e-03 
2.006387e-03 
2.579656e-03 
3.175901e-03 
3.206265e-03 
3.021455e-03 
3.155002e-03 
3.662213e-03 
3.904077e-03 
3.575555e-03 
2.704193e-03 
2.153894e-03 
2.793107e-03 
3.446821e-03 
2.869247e-03 
1.794542e-03 
1.415042e-03 
1.678316e-03 
1.966719e-03 
2.165774e-03 
2.490728e-03 
2.418073e-03 
2.068237e-03 
1.972364e-03 
2.134020e-03 
2.122177e-03 
2.399826e-03 
3.501882e-03 
3.939953e-03 
3.037069e-03 
1.947977e-03 
1.566841e-03 
1.742975e-03 
1.937217e-03 
1.858530e-03 
1.529517e-03 
1.492848e-03 
1.638489e-03 
1.503771e-03 
1.200872e-03 
8.204730e-04 
4.056021e-04 
-2.354895e-04 
-8.655017e-04 
-1.167838e-03 
-1.154867e-03 
-1.061057e-03 
-1.036408e-03 
-1.067747e-03 
-1.091644e-03 
-1.088650e-03 
-1.078260e-03 
-1.076812e-03 
-1.082310e-03 
-1.086701e-03 
-1.087538e-03 
-1.087373e-03 
-1.088377e-03 
-1.090292e-03 
-1.092058e-03 
-1.093354e-03 
-1.094497e-03 
-1.095783e-03 
-1.136646e-03 
-1.741926e-03 
-2.348287e-03 
-2.056497e-03 
-1.343805e-03 
-9.474589e-04 
-9.833824e-04 
-1.133846e-03 
-1.172122e-03 
-1.122131e-03 
-1.086426e-03 
-1.095351e-03 
-1.116132e-03 
-1.121983e-03 
-1.116398e-03 
-1.114818e-03 
-1.145095e-03 
-1.191792e-03 
-1.193715e-03 
-1.152045e-03 
-1.117318e-03 
-1.112200e-03 
-1.122354e-03 
-1.128747e-03 
-1.127822e-03 
-1.125715e-03 
-1.126354e-03 
-1.128625e-03 
-1.130326e-03 
-1.129430e-03 
-9.227987e-04 
-4.994653e-04 
-1.864071e-04 
-1.421589e-04 
8.773429e-06 
6.198910e-04 
1.130863e-03 
1.084318e-03 
1.050954e-03 
1.217829e-03 
1.188107e-03 
9.367856e-04 
6.972083e-04 
5.338907e-04 
7.381283e-04 
7.448786e-04 
-3.294631e-05 
-3.567602e-04 
4.464579e-04 
1.515029e-03 
1.785999e-03 
9.963318e-04 
6.775442e-04 
1.389077e-03 
2.235106e-03 
2.546968e-03 
2.465537e-03 
2.407551e-03 
2.514259e-03 
2.651410e-03 
2.725379e-03 
2.675111e-03 
2.522204e-03 
2.642208e-03 
2.706048e-03 
2.459941e-03 
1.984452e-03 
1.405774e-03 
7.956004e-04 
8.807939e-04 
1.810853e-03 
2.348010e-03 
1.837328e-03 
1.045577e-03 
7.307460e-04 
8.881980e-04 
1.124189e-03 
1.196265e-03 
1.182615e-03 
1.248710e-03 
1.586457e-03 
1.794057e-03 
2.072536e-03 
2.593309e-03 
3.018390e-03 
3.183162e-03 
3.188272e-03 
3.298302e-03 
3.903070e-03 
4.428175e-03 
4.135497e-03 
3.501961e-03 
3.174616e-03 
3.209096e-03 
3.337707e-03 
3.374737e-03 
3.337814e-03 
3.309223e-03 
3.135283e-03 
2.543440e-03 
1.929861e-03 
1.304169e-03 
1.068274e-03 
1.373291e-03 
1.730543e-03 
1.831521e-03 
1.752401e-03 
1.511349e-03 
1.123784e-03 
6.172072e-04 
2.579751e-04 
1.598492e-04 
1.581013e-04 
-2.543652e-04 
-9.282757e-04 
-1.319203e-03 
-1.343375e-03 
-1.252890e-03 
-1.398611e-03 
-1.746192e-03 
-2.076117e-03 
-2.418589e-03 
-2.642911e-03 
-2.456272e-03 
-1.989904e-03 
-1.769558e-03 
-1.902274e-03 
-2.133983e-03 
-2.325579e-03 
-2.542947e-03 
-2.690181e-03 
-2.729258e-03 
-2.731282e-03 
-2.715988e-03 
-2.696459e-03 
-2.684807e-03 
-2.682720e-03 
-2.677025e-03 
-2.356041e-03 
-1.783165e-03 
-1.834660e-03 
-2.379070e-03 
-2.792156e-03 
-2.806416e-03 
-2.442223e-03 
-2.409749e-03 
-2.672658e-03 
-2.257078e-03 
-1.489561e-03 
-1.047427e-03 
-1.075529e-03 
-1.455752e-03 
-1.591722e-03 
-1.234650e-03 
-4.609892e-04 
-6.495239e-05 
3.490258e-05 
1.207814e-04 
2.378541e-04 
2.840607e-04 
2.664445e-04 
2.286165e-04 
2.087436e-04 
2.097062e-04 
1.833676e-04 
-2.363595e-04 
-8.997281e-04 
-1.302232e-03 
-9.684839e-04 
-3.780678e-04 
-5.006872e-04 
-1.059588e-03 
-1.429068e-03 
-1.423873e-03 
-1.284731e-03 
-1.217247e-03 
-1.211937e-03 
-1.211095e-03 
-1.197168e-03 
-1.185119e-03 
-1.186008e-03 
-1.351092e-03 
-1.657680e-03 
-1.908812e-03 
-2.201008e-03 
-2.418154e-03 
-2.465077e-03 
-2.397886e-03 
-2.090495e-03 
-1.461128e-03 
-1.319149e-03 
-1.729939e-03 
-2.112540e-03 
-2.150404e-03 
-1.978628e-03 
-1.823721e-03 
-1.758367e-03 
-1.729628e-03 
-1.705332e-03 
-1.657393e-03 
-1.839671e-03 
-2.419653e-03 
-2.560782e-03 
-1.703045e-03 
-7.525397e-04 
-1.074683e-03 
-1.885474e-03 
-2.163543e-03 
-1.850662e-03 
-1.483142e-03 
-1.613085e-03 
-1.892446e-03 
-1.974079e-03 
-1.783841e-03 
-1.787193e-03 
-2.024781e-03 
-2.188111e-03 
-2.165566e-03 
-2.049774e-03 
-1.969793e-03 
-1.925610e-03 
-1.867519e-03 
-1.678003e-03 
-1.031236e-03 
-4.318111e-04 
-2.767284e-04 
-1.986087e-04 
7.657557e-05 
5.743176e-04 
1.133801e-03 
1.321824e-03 
1.389097e-03 
1.539134e-03 
1.698371e-03 
1.778469e-03 
1.782966e-03 
1.756953e-03 
1.737278e-03 
1.734211e-03 
1.720084e-03 
1.476045e-03 
1.169011e-03 
1.268395e-03 
1.467967e-03 
1.439859e-03 
1.094032e-03 
5.731162e-04 
2.746940e-04 
6.721127e-04 
1.406387e-03 
1.599869e-03 
9.713633e-04 
4.961986e-04 
9.015813e-04 
1.578953e-03 
1.876958e-03 
1.793044e-03 
1.656910e-03 
1.643864e-03 
1.698598e-03 
1.726275e-03 
1.713102e-03 
1.695212e-03 
1.693495e-03 
1.700565e-03 
1.704080e-03 
1.702254e-03 
1.699783e-03 
1.606148e-03 
1.273441e-03 
7.461059e-04 
2.919136e-04 
-1.731694e-04 
-7.693366e-04 
-1.191145e-03 
-1.308229e-03 
-1.240872e-03 
-1.176956e-03 
-1.179351e-03 
-1.206108e-03 
-1.223046e-03 
-1.228975e-03 
-1.219536e-03 
-1.246847e-03 
-1.469653e-03 
-1.522841e-03 
-1.505261e-03 
-1.714076e-03 
-2.034155e-03 
-1.884682e-03 
-1.849406e-03 
-2.249447e-03 
-2.677589e-03 
-2.819564e-03 
-2.747201e-03 
-2.674463e-03 
-2.694082e-03 
-2.732517e-03 
-2.540145e-03 
-1.908623e-03 
-1.426763e-03 
-2.188702e-03 
-3.358392e-03 
-3.165501e-03 
-2.219948e-03 
-1.478358e-03 
-1.486742e-03 
-1.923195e-03 
-2.263653e-03 
-2.268320e-03 
-1.878192e-03 
-1.848509e-03 
-2.006663e-03 
-1.939061e-03 
-1.746327e-03 
-1.479685e-03 
-1.693805e-03 
-2.223329e-03 
-2.534777e-03 
-2.244383e-03 
-1.516584e-03 
-1.081082e-03 
-8.694473e-04 
-7.137151e-04 
-4.614653e-04 
3.096270e-04 
1.492109e-03 
2.274128e-03 
2.640246e-03 
2.792007e-03 
2.901110e-03 
2.982795e-03 
3.025814e-03 
3.388308e-03 
3.915439e-03 
4.358983e-03 
4.661350e-03 
4.809927e-03 
5.056854e-03 
5.130547e-03 
4.827432e-03 
4.064961e-03 
3.392844e-03 
3.288032e-03 
3.578270e-03 
3.635513e-03 
3.801296e-03 
4.309690e-03 
4.763703e-03 
4.892130e-03 
4.668519e-03 
4.405758e-03 
4.877582e-03 
5.780342e-03 
6.334706e-03 
6.354463e-03 
6.184724e-03 
6.120107e-03 
6.166335e-03 
6.197245e-03 
6.190654e-03 
6.148507e-03 
5.868022e-03 
5.529649e-03 
5.228914e-03 
4.944315e-03 
5.177347e-03 
5.775829e-03 
5.798770e-03 
5.197596e-03 
4.664309e-03 
4.549576e-03 
4.510490e-03 
4.197559e-03 
3.576700e-03 
2.715058e-03 
1.976209e-03 
1.648071e-03 
1.642394e-03 
1.662839e-03 
1.378553e-03 
9.002159e-04 
8.167456e-04 
1.026661e-03 
1.174210e-03 
7.990748e-04 
2.963762e-04 
8.287518e-05 
3.307956e-04 
4.957135e-04 
7.720414e-05 
-4.463122e-04 
-6.364816e-04 
-7.206708e-04 
-8.405338e-04 
-7.856206e-04 
-8.286686e-04 
-9.431622e-04 
-1.061786e-03 
-1.244371e-03 
-1.160026e-03 
-1.101741e-03 
-1.007388e-03 
-7.900819e-04 
-6.695446e-04 
-8.571762e-04 
-1.073198e-03 
-1.046773e-03 
-9.644219e-04 
-1.214022e-03 
-1.524566e-03 
-1.616227e-03 
-1.516117e-03 
-1.703234e-03 
-2.309781e-03 
-2.785175e-03 
-2.861593e-03 
-2.734276e-03 
-2.676492e-03 
-3.071340e-03 
-3.667950e-03 
-3.924955e-03 
-4.041090e-03 
-4.124228e-03 
-4.278747e-03 
-4.612346e-03 
-4.883564e-03 
-4.974784e-03 
-5.042879e-03 
-5.028424e-03 
-4.961815e-03 
-5.025744e-03 
-4.951197e-03 
-4.602018e-03 
-4.498850e-03 
-4.458643e-03 
-4.345110e-03 
-4.225197e-03 
-4.178352e-03 
-4.194094e-03 
-4.248459e-03 
-4.662584e-03 
-5.317711e-03 
-5.571893e-03 
-5.307218e-03 
-5.367888e-03 
-6.027646e-03 
-6.207235e-03 
-5.666920e-03 
-5.147300e-03 
-4.929854e-03 
-5.086267e-03 
-5.047930e-03 
-4.313839e-03 
-3.677347e-03 
-3.508454e-03 
-3.664968e-03 
-3.807155e-03 
-3.542776e-03 
-3.000244e-03 
-2.651076e-03 
-2.618063e-03 
-2.707464e-03 
-2.522486e-03 
-1.856081e-03 
-1.213883e-03 
-8.005189e-04 
-6.963844e-04 
-5.859325e-04 
-2.270922e-04 
1.323614e-04 
2.682271e-04 
2.290060e-04 
1.745161e-04 
3.478338e-04 
7.171063e-04 
8.456110e-04 
8.309386e-04 
1.025987e-03 
1.438578e-03 
1.728057e-03 
1.772932e-03 
1.876244e-03 
2.062267e-03 
2.286627e-03 
2.437005e-03 
2.597501e-03 
2.714615e-03 
2.966487e-03 
3.219503e-03 
3.157515e-03 
2.951618e-03 
2.806041e-03 
3.006185e-03 
3.339794e-03 
3.525492e-03 
3.516738e-03 
3.471172e-03 
3.503234e-03 
3.575376e-03 
3.560361e-03 
3.288757e-03 
3.068765e-03 
3.279176e-03 
3.464232e-03 
3.265557e-03 
2.760205e-03 
2.585595e-03 
2.693631e-03 
2.621479e-03 
2.255388e-03 
1.984418e-03 
1.871377e-03 
1.806522e-03 
1.553707e-03 
1.309839e-03 
1.229798e-03 
1.268507e-03 
1.310564e-03 
1.322568e-03 
1.318581e-03 
1.337026e-03 
1.359596e-03 
1.354901e-03 
1.165985e-03 
8.558788e-04 
5.828628e-04 
2.633776e-04 
1.915929e-04 
2.207310e-04 
5.901285e-05 
-3.227636e-04 
-5.229528e-04 
-8.012694e-04 
-1.026929e-03 
-1.327546e-03 
-1.874999e-03 
-2.434107e-03 
-1.821698e-03 
-9.113079e-04 
-1.178295e-03 
-2.265433e-03 
-2.870282e-03 
-2.967535e-03 
-2.919310e-03 
-2.947307e-03 
-2.924677e-03 
-2.620820e-03 
-2.268269e-03 
-2.192745e-03 
-2.316350e-03 
-2.522521e-03 
-2.515089e-03 
-2.208041e-03 
-1.917678e-03 
-1.702330e-03 
-1.523343e-03 
-1.377805e-03 
-9.479989e-04 
-2.945625e-04 
1.465969e-04 
2.407694e-04 
1.544948e-04 
1.212468e-04 
5.266676e-04 
1.246100e-03 
1.951749e-03 
2.511992e-03 
3.156866e-03 
3.465406e-03 
3.369597e-03 
3.167888e-03 
3.089539e-03 
3.136709e-03 
3.222344e-03 
3.500820e-03 
3.962685e-03 
4.456393e-03 
4.711895e-03 
4.725411e-03 
4.662781e-03 
4.484457e-03 
4.360309e-03 
4.473816e-03 
4.610709e-03 
4.303374e-03 
3.939894e-03 
3.983520e-03 
4.246613e-03 
4.730652e-03 
4.704646e-03 
4.357917e-03 
3.998342e-03 
3.997863e-03 
4.081751e-03 
3.845338e-03 
3.402693e-03 
3.126944e-03 
3.100058e-03 
3.180096e-03 
3.139786e-03 
2.597486e-03 
1.903909e-03 
1.555283e-03 
1.570576e-03 
1.691303e-03 
1.725754e-03 
1.678481e-03 
1.638242e-03 
1.567508e-03 
1.268756e-03 
7.648977e-04 
3.083250e-04 
1.059651e-04 
-7.572241e-05 
-4.183937e-04 
-9.121480e-04 
-1.255317e-03 
-1.600791e-03 
-2.199829e-03 
-2.693723e-03 
-2.835684e-03 
-2.752021e-03 
-2.664792e-03 
-2.846277e-03 
-2.949048e-03 
-2.892184e-03 
-3.009970e-03 
-3.141063e-03 
-3.158946e-03 
-2.950578e-03 
-2.843219e-03 
-2.841500e-03 
-2.855609e-03 
-2.619437e-03 
-2.326120e-03 
-2.165263e-03 
-2.141899e-03 
-2.042014e-03 
-1.760736e-03 
-1.496907e-03 
-1.506370e-03 
-1.711898e-03 
-1.839071e-03 
-1.832483e-03 
-1.978108e-03 
-2.220477e-03 
-2.136158e-03 
-1.765802e-03 
-1.468466e-03 
-1.425548e-03 
-1.696384e-03 
-1.772939e-03 
-1.531871e-03 
-1.279509e-03 
-1.212101e-03 
-1.267186e-03 
-1.331737e-03 
-1.557339e-03 
-1.744797e-03 
-1.790995e-03 
-1.887773e-03 
-2.081012e-03 
-2.362931e-03 
-2.424747e-03 
-2.356250e-03 
-2.165196e-03 
-1.783021e-03 
-1.537235e-03 
-1.736815e-03 
-2.302854e-03 
-2.619090e-03 
-2.551402e-03 
-2.562347e-03 
-2.703810e-03 
-2.586431e-03 
-2.143090e-03 
-2.016029e-03 
-2.285275e-03 
-2.505235e-03 
-2.689569e-03 
-2.818075e-03 
-2.853769e-03 
-2.981290e-03 
-3.199498e-03 
-3.396618e-03 
-3.673365e-03 
-4.028272e-03 
-4.047009e-03 
-4.040396e-03 
-4.165648e-03 
-4.310830e-03 
-4.526057e-03 
-4.872142e-03 
-5.362497e-03 
-5.749282e-03 
-5.870201e-03 
-5.826367e-03 
-5.792370e-03 
-5.815207e-03 
-6.058006e-03 
-6.694765e-03 
-6.896127e-03 
-5.900500e-03 
-4.641636e-03 
-4.014231e-03 
-3.876981e-03 
-4.087276e-03 
-4.133164e-03 
-3.788066e-03 
-3.008292e-03 
-2.314139e-03 
-1.973740e-03 
-1.703977e-03 
-1.490919e-03 
-1.385865e-03 
-1.395215e-03 
-1.432610e-03 
-1.413418e-03 
-1.361792e-03 
-1.332283e-03 
-1.334729e-03 
-1.325418e-03 
-1.284423e-03 
-1.246651e-03 
-1.192764e-03 
-8.945564e-04 
-3.694573e-04 
1.954810e-04 
5.337651e-04 
8.387061e-04 
1.051463e-03 
1.270141e-03 
1.481742e-03 
1.869192e-03 
2.255068e-03 
2.455340e-03 
2.486627e-03 
2.491197e-03 
2.558754e-03 
2.673499e-03 
2.750057e-03 
2.787554e-03 
2.863612e-03 
3.180155e-03 
3.511084e-03 
3.618212e-03 
3.727768e-03 
4.260669e-03 
4.807248e-03 
5.032191e-03 
4.995333e-03 
4.800625e-03 
5.068697e-03 
5.663522e-03 
5.637527e-03 
5.181697e-03 
5.081820e-03 
5.507415e-03 
5.693513e-03 
5.526459e-03 
5.109242e-03 
4.694877e-03 
4.524063e-03 
4.335034e-03 
4.213007e-03 
4.320196e-03 
4.491528e-03 
4.571753e-03 
4.823633e-03 
5.356787e-03 
5.366924e-03 
4.800305e-03 
3.949628e-03 
3.532500e-03 
3.630180e-03 
4.043288e-03 
4.447293e-03 
4.627736e-03 
4.431620e-03 
3.982455e-03 
3.641590e-03 
3.481265e-03 
3.584091e-03 
4.108851e-03 
4.718214e-03 
5.204079e-03 
5.612419e-03 
5.937606e-03 
6.087810e-03 
5.668357e-03 
5.048835e-03 
4.619077e-03 
4.311884e-03 
3.916922e-03 
3.506564e-03 
3.287305e-03 
3.284195e-03 
3.348020e-03 
3.366890e-03 
3.240845e-03 
2.763905e-03 
2.673522e-03 
3.055046e-03 
3.423453e-03 
3.504798e-03 
3.417281e-03 
3.360949e-03 
3.179974e-03 
2.931850e-03 
2.916361e-03 
2.944388e-03 
2.829617e-03 
2.810602e-03 
2.853242e-03 
2.916492e-03 
3.136958e-03 
3.492604e-03 
3.426323e-03 
3.149159e-03 
2.782724e-03 
2.587816e-03 
2.603314e-03 
2.700216e-03 
2.774449e-03 
2.774555e-03 
2.514736e-03 
2.185226e-03 
1.895877e-03 
1.552567e-03 
1.316662e-03 
1.255983e-03 
1.144339e-03 
7.850607e-04 
2.297785e-04 
-2.067542e-04 
-3.480112e-04 
-2.898547e-04 
-2.080676e-05 
-7.558006e-05 
-7.993090e-04 
-1.582486e-03 
-1.890507e-03 
-1.814428e-03 
-2.064765e-03 
-2.971522e-03 
-3.928468e-03 
-4.317133e-03 
-4.034394e-03 
-3.501145e-03 
-3.555527e-03 
-4.154425e-03 
-4.388052e-03 
-4.008178e-03 
-3.422962e-03 
-3.496452e-03 
-4.005923e-03 
-4.175532e-03 
-4.127190e-03 
-4.084530e-03 
-3.717324e-03 
-3.452574e-03 
-3.614313e-03 
-3.733799e-03 
-3.825920e-03 
-4.121128e-03 
-4.453657e-03 
-4.420706e-03 
-4.385199e-03 
-4.547694e-03 
-4.337149e-03 
-3.926969e-03 
-3.667039e-03 
-3.522905e-03 
-3.483342e-03 
-3.294835e-03 
-3.246309e-03 
-3.514181e-03 
-3.825802e-03 
-3.844748e-03 
-3.695559e-03 
-3.778385e-03 
-4.099878e-03 
-4.334699e-03 
-4.355172e-03 
-4.274506e-03 
-4.229017e-03 
-4.327842e-03 
-4.458199e-03 
-4.194726e-03 
-4.029235e-03 
-4.304171e-03 
-4.845222e-03 
-5.131043e-03 
-5.037454e-03 
-4.962216e-03 
-4.897900e-03 
-4.808470e-03 
-4.525072e-03 
-4.068788e-03 
-3.678448e-03 
-4.012358e-03 
-4.671638e-03 
-4.506475e-03 
-3.773399e-03 
-3.413161e-03 
-3.480006e-03 
-3.429234e-03 
-3.371392e-03 
-3.254690e-03 
-3.099380e-03 
-3.122505e-03 
-3.192888e-03 
-3.189202e-03 
-3.107485e-03 
-3.113266e-03 
-3.092841e-03 
-3.005166e-03 
-2.819924e-03 
-2.773427e-03 
-2.805379e-03 
-2.658813e-03 
-2.438202e-03 
-2.276930e-03 
-2.200800e-03 
-2.172963e-03 
-2.139984e-03 
-2.078320e-03 
-1.966045e-03 
-1.654522e-03 
-1.263412e-03 
-1.061666e-03 
-8.796308e-04 
-6.851419e-04 
-5.671074e-04 
-5.000597e-04 
-2.589477e-04 
1.625791e-04 
7.636373e-04 
1.292819e-03 
1.359677e-03 
1.203606e-03 
1.389361e-03 
1.740093e-03 
1.915649e-03 
1.867880e-03 
1.514061e-03 
1.190227e-03 
1.372812e-03 
1.737637e-03 
1.892310e-03 
1.847937e-03 
1.784919e-03 
1.792118e-03 
2.016724e-03 
2.237277e-03 
2.578780e-03 
2.952111e-03 
3.434936e-03 
3.706586e-03 
3.515678e-03 
3.308967e-03 
3.389579e-03 
3.719211e-03 
4.186488e-03 
4.490994e-03 
4.584843e-03 
4.687544e-03 
5.032087e-03 
5.092933e-03 
4.850057e-03 
4.633221e-03 
4.503317e-03 
4.418364e-03 
4.498045e-03 
4.439517e-03 
4.265138e-03 
4.209963e-03 
4.170482e-03 
3.936710e-03 
3.641548e-03 
3.490376e-03 
3.480080e-03 
3.362529e-03 
2.914950e-03 
2.653997e-03 
2.713259e-03 
2.937929e-03 
3.046964e-03 
2.997989e-03 
2.635854e-03 
2.267069e-03 
2.072953e-03 
1.892663e-03 
1.744794e-03 
1.414179e-03 
1.084693e-03 
9.394107e-04 
9.312679e-04 
9.442447e-04 
7.703495e-04 
2.910798e-04 
-7.071472e-05 
1.510267e-04 
4.762687e-04 
3.234706e-04 
-5.215068e-05 
-2.593750e-04 
-2.290775e-04 
-1.891292e-04 
-3.777834e-04 
-7.977873e-04 
-1.281873e-03 
-1.390242e-03 
-1.372641e-03 
-1.368592e-03 
-1.638912e-03 
-1.984892e-03 
-2.130470e-03 
-2.101869e-03 
-2.029289e-03 
-1.986213e-03 
-2.103666e-03 
-2.155165e-03 
-2.052588e-03 
-2.138112e-03 
-2.346867e-03 
-2.343594e-03 
-2.135973e-03 
-1.996857e-03 
-1.851614e-03 
-1.724446e-03 
-1.644752e-03 
-1.595611e-03 
-1.543487e-03 
-1.376541e-03 
-1.303082e-03 
-1.134068e-03 
-7.978911e-04 
-5.318891e-04 
-4.493610e-04 
-4.752772e-04 
-4.891509e-04 
-3.663112e-04 
-2.405407e-04 
-3.175889e-04 
-7.083711e-04 
-1.143898e-03 
-1.220680e-03 
-9.691057e-04 
-7.383308e-04 
-7.821552e-04 
-9.898511e-04 
-9.737386e-04 
-6.745522e-04 
-3.107929e-04 
-2.312421e-04 
-3.130891e-04 
-1.803144e-04 
1.315168e-04 
2.971709e-04 
4.054604e-04 
4.908859e-04 
6.225576e-04 
6.617050e-04 
7.395326e-04 
8.559151e-04 
9.493532e-04 
9.857221e-04 
1.133931e-03 
1.341786e-03 
1.291875e-03 
1.099412e-03 
9.753011e-04 
9.803228e-04 
1.137722e-03 
1.371670e-03 
1.626256e-03 
1.875212e-03 
1.965671e-03 
2.025978e-03 
2.118136e-03 
2.188491e-03 
2.123517e-03 
1.903663e-03 
1.707840e-03 
1.641808e-03 
1.485218e-03 
1.401728e-03 
1.413653e-03 
1.399479e-03 
1.234294e-03 
1.037439e-03 
8.420540e-04 
6.907761e-04 
6.167723e-04 
6.060305e-04 
6.108378e-04 
6.030247e-04 
5.941421e-04 
5.558380e-04 
3.883931e-04 
3.838459e-04 
5.390417e-04 
6.666123e-04 
7.003594e-04 
6.879653e-04 
6.863497e-04 
7.039218e-04 
7.268640e-04 
6.867489e-04 
5.904136e-04 
4.622149e-04 
2.847421e-04 
1.670729e-04 
6.911641e-05 
5.975869e-05 
1.214798e-06 
-1.695426e-04 
-3.115942e-04 
-3.453647e-04 
-3.059830e-04 
-2.711323e-04 
-2.697060e-04 
-2.827056e-04 
-3.290547e-04 
-3.932670e-04 
-3.585991e-04 
-2.849493e-04 
-2.494719e-04 
-2.566150e-04 
-2.803013e-04 
-2.916134e-04 
-2.894607e-04 
-3.619557e-04 
-4.693593e-04 
-5.158600e-04 
-4.683150e-04 
-4.062296e-04 
-3.453096e-04 
-3.771315e-04 
-4.569067e-04 
-5.493203e-04 
-7.470548e-04 
-8.641853e-04 
-8.006322e-04 
-7.903098e-04 
-8.722498e-04 
-8.946541e-04 
-8.820356e-04 
-9.112715e-04 
-9.506732e-04 
-9.572404e-04 
-9.316173e-04 
-8.923382e-04 
-8.048172e-04 
-7.193710e-04 
-7.316628e-04 
-7.600197e-04 
-7.456563e-04 
-7.444208e-04 
-7.547857e-04 
-7.568581e-04 
-7.420104e-04 
-7.162135e-04 
-6.939003e-04 
-6.780103e-04 
-6.599776e-04 
-6.051021e-04 
-5.808430e-04 
-6.273225e-04 
-7.491981e-04 
-8.390578e-04 
-8.182555e-04 
-7.140536e-04 
-6.509834e-04 
-6.716968e-04 
-7.034186e-04 
-6.936245e-04 
-6.288873e-04 
-5.349579e-04 
-4.927630e-04 
-5.141623e-04 
-5.322157e-04 
-5.127720e-04 
-4.641425e-04 
-3.950705e-04 
-3.440439e-04 
-2.965522e-04 
-2.305611e-04 
-1.718682e-04 
-1.384484e-04 
-1.220386e-04 
-1.082170e-04 
-9.150570e-05 
-7.605430e-05 
-6.275988e-05 
-4.742388e-05 
-1.660341e-05 
9.847418e-06 
7.972519e-06 
-3.639705e-06 
-3.614491e-06 
1.187575e-05 
4.815729e-05 
9.463408e-05 
1.344931e-04 
1.547402e-04 
1.767475e-04 
1.929928e-04 
1.941352e-04 
2.112415e-04 
2.204430e-04 
2.163494e-04 
2.171003e-04 
2.204609e-04 
2.195669e-04 
2.134056e-04 
2.145143e-04 
2.208958e-04 
2.257249e-04 
2.342375e-04 
2.472509e-04 
2.521391e-04 
2.393747e-04 
2.198120e-04 
2.141881e-04 
2.164539e-04 
2.152172e-04 
2.158503e-04 
2.226242e-04 
2.271695e-04 
2.268292e-04 
2.168318e-04 
2.030068e-04 
1.889966e-04 
1.781187e-04 
1.652555e-04 
1.552287e-04 
1.554022e-04 
1.463000e-04 
1.191117e-04 
9.955961e-05 
9.096716e-05 
8.655147e-05 
8.104182e-05 
6.639031e-05 
5.175567e-05 
5.106342e-05 
5.298651e-05 
4.542103e-05 
2.665930e-05 
8.634586e-06 
4.128490e-06 
8.438019e-06 
9.258942e-06 
5.941512e-06 
2.888884e-06 
2.313745e-06 
3.075461e-06 
3.690659e-06 
3.756661e-06 
3.468572e-06 
3.143817e-06 
3.172634e-06 
4.747218e-06 
6.578801e-06 
7.260486e-06 
7.052735e-06 
6.652790e-06 
1.127368e-05 
1.519847e-05 
1.212452e-05 
6.831500e-06 
3.043263e-06 
2.188069e-06 
2.898900e-06 
3.441567e-06 
2.692228e-06 
1.093310e-06 
-1.561981e-08 
-1.064331e-06 
-1.378136e-06 
-7.940321e-08 
1.438570e-06 
2.089419e-06 
2.236699e-06 
2.598459e-06 
3.544204e-06 
4.455872e-06 
4.135659e-06 
3.058406e-06 
3.581458e-06 
5.057868e-06 
5.940055e-06 
6.617392e-06 
7.518178e-06 
7.847853e-06 
7.493152e-06 
7.497832e-06 
7.855406e-06 
7.482150e-06 
6.788475e-06 
6.787466e-06 
7.789097e-06 
8.737000e-06 
9.234964e-06 
9.662541e-06 
1.006541e-05 
1.035108e-05 
1.036987e-05 
1.019757e-05 
9.995382e-06 
1.000543e-05 
1.031841e-05 
1.073766e-05 
1.099240e-05 
1.101381e-05 
1.094137e-05 
1.095145e-05 
1.113820e-05 
1.132680e-05 
1.131911e-05 
1.124632e-05 
1.121640e-05 
1.121811e-05 
1.116134e-05 
1.103212e-05 
1.087213e-05 
1.070077e-05 
1.052996e-05 
1.036750e-05 
1.020881e-05 
1.007189e-05 
9.923824e-06 
9.735973e-06 
9.548394e-06 
9.377822e-06 
9.210783e-06 
9.054143e-06 
8.889768e-06 
8.707696e-06 
8.513709e-06 
8.316142e-06 
8.117757e-06 
7.917432e-06 
7.713868e-06 
7.507293e-06 
7.298358e-06 
7.087214e-06 
6.873684e-06 
6.656463e-06 
6.436245e-06 
6.216156e-06 
5.996209e-06 
5.773841e-06 
5.547744e-06 
5.319342e-06 
5.089917e-06 
4.859055e-06 
4.626737e-06 
4.393106e-06 
4.158324e-06 
3.922776e-06 
3.686453e-06 
3.449285e-06 
3.211465e-06 
2.973178e-06 
2.734557e-06 
2.495622e-06 
2.256489e-06 
2.017351e-06 
1.778385e-06 
1.539722e-06 
1.301472e-06 
1.063757e-06 
8.267012e-07 
5.904299e-07 
3.550594e-07 
1.207073e-07 
-1.125126e-07 
-3.444881e-07 
-5.751112e-07 
-8.042754e-07 
