1 
2.000000e-02 
-2.320076e-03 
-2.382572e-03 
-2.294312e-03 
-2.097509e-03 
-2.073897e-03 
-2.189569e-03 
-1.982721e-03 
-1.425211e-03 
-9.324140e-04 
-8.848661e-04 
-1.737262e-03 
-1.635468e-03 
1.599681e-03 
2.732345e-03 
-1.519933e-03 
-3.347447e-03 
9.248601e-04 
4.475244e-03 
2.436220e-03 
3.540836e-04 
1.654616e-03 
2.709301e-03 
2.249424e-03 
1.717827e-03 
2.598243e-03 
5.432702e-03 
7.405290e-03 
5.747858e-03 
2.549096e-03 
5.903100e-03 
8.876170e-03 
4.018337e-03 
1.491827e-03 
3.343722e-03 
9.269822e-03 
1.872204e-02 
1.842782e-02 
3.117757e-03 
-4.097547e-03 
9.813100e-03 
2.199060e-02 
1.618750e-02 
-2.393330e-03 
-9.765613e-03 
1.108129e-02 
2.833364e-02 
1.822385e-02 
1.382175e-03 
-5.137756e-03 
-9.195546e-03 
-1.001731e-02 
2.369772e-04 
1.757163e-02 
2.668171e-02 
1.012474e-02 
-1.220831e-02 
-1.194413e-02 
-1.018963e-02 
-2.896307e-02 
-3.942004e-02 
-1.820523e-02 
1.842217e-02 
2.354607e-02 
-1.573709e-02 
-4.430547e-02 
-2.359501e-02 
1.050916e-02 
1.571656e-02 
5.438817e-03 
1.698916e-02 
4.948591e-02 
5.130294e-02 
2.484366e-03 
-1.547217e-02 
2.441477e-02 
5.725134e-02 
4.408724e-02 
-8.607329e-03 
-5.375216e-02 
-4.665851e-02 
6.843393e-03 
1.935806e-02 
-2.675439e-02 
-4.311812e-02 
1.566350e-02 
6.625637e-02 
3.590947e-02 
-1.511315e-02 
-2.253776e-02 
2.579150e-03 
5.703817e-02 
8.622193e-02 
5.784486e-02 
9.018611e-03 
-2.324928e-02 
-1.383823e-02 
1.652773e-02 
2.050341e-02 
-1.459916e-02 
-3.532825e-02 
-2.081207e-02 
1.859039e-03 
2.593959e-02 
2.629325e-02 
-3.287667e-02 
-6.958597e-02 
-7.092352e-03 
4.008573e-02 
6.561492e-03 
-2.421381e-02 
-3.710646e-02 
-3.605418e-02 
6.508399e-03 
4.650616e-02 
9.162538e-03 
-2.978178e-02 
4.084207e-03 
2.894483e-02 
-6.173293e-03 
-3.401876e-02 
-2.030458e-02 
-8.260449e-03 
-1.777552e-02 
-3.173534e-02 
-2.466232e-02 
-1.088375e-02 
-2.357652e-02 
-4.053223e-02 
-5.233124e-02 
-5.986724e-02 
-2.140507e-02 
2.213389e-02 
8.598746e-03 
-2.457375e-02 
-4.082722e-02 
-5.702870e-02 
-7.449936e-02 
-6.098380e-02 
-1.933260e-02 
8.943015e-03 
5.283574e-03 
2.670222e-04 
6.520916e-05 
-6.648190e-03 
-2.017782e-02 
-1.505832e-02 
7.743516e-03 
1.656651e-02 
1.372890e-02 
1.840121e-02 
3.310583e-02 
3.637536e-02 
5.347786e-02 
7.200260e-02 
8.167579e-02 
9.791547e-02 
1.048688e-01 
9.852605e-02 
8.641515e-02 
9.504549e-02 
1.068325e-01 
9.439148e-02 
7.642264e-02 
6.868403e-02 
4.837221e-02 
1.550993e-02 
-2.780779e-02 
-5.082849e-02 
-5.011791e-02 
-5.863416e-02 
-7.679650e-02 
-8.037104e-02 
-8.466807e-02 
-1.159027e-01 
-1.336046e-01 
-1.225405e-01 
-7.374796e-02 
5.567449e-03 
3.083137e-02 
-1.327626e-02 
-3.221900e-02 
-1.521358e-02 
-2.978895e-02 
-6.147846e-02 
-6.849680e-02 
-5.785334e-02 
-5.124277e-02 
-6.227880e-02 
-8.249220e-02 
-9.073009e-02 
-6.566158e-02 
-3.359556e-02 
-3.384264e-02 
-6.449086e-02 
-7.168833e-02 
-3.722477e-02 
-1.956972e-03 
2.226004e-02 
4.759313e-02 
7.034333e-02 
7.632491e-02 
5.280095e-02 
1.027939e-02 
-8.984215e-03 
-1.880096e-02 
-1.236335e-02 
2.175769e-02 
6.578817e-02 
8.295905e-02 
4.112328e-02 
-3.377806e-02 
-6.850280e-02 
-4.656300e-03 
9.199233e-02 
9.816691e-02 
2.332328e-02 
-1.900812e-02 
-2.039913e-02 
8.399343e-03 
5.072047e-02 
5.325040e-02 
-6.968524e-03 
-1.020488e-01 
-1.757414e-01 
-1.984295e-01 
-2.060338e-01 
-1.922693e-01 
-1.087433e-01 
-1.373079e-02 
2.934159e-02 
7.005319e-02 
1.201978e-01 
1.711273e-01 
2.373681e-01 
2.424681e-01 
1.805747e-01 
1.238316e-01 
8.282205e-02 
2.739508e-02 
-2.588477e-03 
1.045095e-02 
4.708609e-02 
4.095320e-02 
-4.845971e-02 
-8.383875e-02 
-6.072801e-02 
-7.155312e-02 
-1.325625e-01 
-1.773141e-01 
-1.228878e-01 
3.373713e-02 
1.944687e-01 
1.715679e-01 
9.945468e-03 
-3.973677e-02 
4.347914e-02 
1.039419e-01 
1.324027e-01 
1.229055e-01 
5.145682e-02 
-3.728497e-02 
-1.288033e-01 
-1.440238e-01 
-7.583701e-02 
-2.274505e-02 
4.854839e-02 
7.261799e-02 
-4.851556e-02 
-1.366218e-01 
-9.164009e-02 
1.169324e-03 
6.811265e-02 
6.488579e-02 
1.324261e-02 
-2.642004e-02 
-1.443153e-02 
3.370864e-02 
8.299039e-02 
9.994561e-02 
5.363733e-02 
-2.330474e-02 
-5.650706e-02 
-6.222507e-02 
-1.013893e-01 
-1.003477e-01 
-3.051259e-03 
4.861576e-02 
8.209168e-03 
-3.377058e-02 
-4.302318e-02 
-5.846274e-02 
-7.359702e-02 
-4.517625e-02 
-1.650557e-02 
-8.035394e-03 
2.737468e-02 
1.121425e-01 
1.929748e-01 
1.601615e-01 
3.829648e-02 
-2.279643e-02 
-4.645698e-02 
-9.917172e-02 
-7.257255e-02 
-2.552686e-02 
-1.638979e-02 
2.570991e-02 
2.622106e-02 
-2.141454e-03 
-1.728274e-02 
-4.260037e-02 
-7.903219e-02 
-1.192591e-01 
-9.095788e-02 
-3.247529e-02 
-6.594810e-03 
2.799246e-02 
5.631077e-02 
1.486093e-02 
-1.684868e-02 
2.019891e-02 
2.377025e-02 
-3.528313e-03 
-2.263437e-02 
-4.406661e-02 
-2.459392e-02 
6.145125e-02 
1.969743e-01 
3.135122e-01 
2.475488e-01 
-4.613732e-02 
-2.652492e-01 
-3.109324e-01 
-2.107247e-01 
1.200245e-01 
3.238904e-01 
2.944340e-01 
2.943077e-01 
1.712505e-01 
-8.895663e-02 
-2.607566e-01 
-2.390637e-01 
-1.513774e-01 
-1.596864e-01 
-1.273223e-01 
-7.661824e-02 
-1.160296e-01 
-1.261047e-01 
-9.962144e-02 
-2.482820e-03 
1.007829e-01 
4.350274e-03 
-7.277955e-02 
-7.283044e-03 
2.551295e-02 
5.967588e-03 
4.448138e-02 
1.217373e-01 
4.729085e-02 
-5.416235e-02 
1.440383e-02 
3.656864e-02 
-4.874153e-02 
-3.128967e-02 
5.540909e-02 
5.624367e-02 
2.358634e-03 
-2.909507e-02 
-2.368928e-02 
2.347453e-02 
5.080349e-02 
5.089382e-02 
2.664447e-02 
4.145216e-02 
9.679247e-02 
8.870428e-02 
6.993422e-02 
6.494081e-02 
-3.795486e-02 
-1.557376e-01 
-1.729379e-01 
-2.063877e-01 
-2.307189e-01 
-1.582448e-01 
-1.012148e-01 
-6.757640e-02 
7.534644e-02 
2.209023e-01 
1.927921e-01 
9.493692e-02 
7.770926e-02 
5.767952e-02 
1.238905e-02 
3.377690e-03 
5.796715e-02 
6.461457e-02 
-1.321793e-02 
-1.084800e-02 
8.041334e-02 
1.216796e-01 
9.802775e-02 
8.951314e-02 
1.090178e-01 
8.371312e-02 
9.283155e-04 
-1.425742e-02 
-5.382314e-04 
-1.289937e-02 
-3.469295e-02 
-1.179868e-01 
-1.915159e-01 
-1.602333e-01 
-4.426135e-02 
6.855008e-02 
8.809128e-02 
5.681739e-02 
6.370601e-02 
7.611789e-02 
-1.687308e-02 
-1.251905e-01 
-7.096702e-02 
4.579049e-02 
8.966806e-02 
9.371827e-02 
1.150978e-01 
1.017589e-01 
9.250785e-02 
7.225359e-02 
-5.370030e-02 
-1.366870e-01 
-5.245075e-02 
4.600998e-02 
-4.179491e-03 
-8.745629e-02 
-7.361522e-02 
-4.798546e-02 
-7.525366e-02 
-1.307580e-01 
-1.985207e-01 
-1.423213e-01 
6.430841e-02 
1.072304e-01 
-3.909698e-02 
-5.478175e-02 
7.015997e-02 
9.966509e-02 
1.018091e-01 
1.521158e-01 
1.652547e-01 
1.061133e-01 
4.872865e-02 
4.379944e-02 
5.304859e-02 
7.617019e-02 
1.130269e-01 
7.863040e-02 
1.540560e-02 
-1.346205e-02 
-1.476990e-02 
-3.152956e-02 
-9.219723e-02 
-1.213033e-01 
-1.132309e-01 
-1.198237e-01 
-7.883290e-02 
2.289140e-02 
7.560296e-02 
4.917956e-03 
-6.990660e-02 
-5.109588e-03 
2.816267e-02 
-4.625238e-02 
-6.787503e-02 
-3.287743e-03 
9.928749e-03 
-8.679252e-03 
-1.324209e-03 
4.774773e-03 
-9.065478e-03 
3.332719e-02 
1.134796e-01 
1.503038e-01 
9.170899e-02 
-3.015838e-02 
-1.035873e-01 
-9.901240e-02 
-9.246119e-02 
-9.773288e-02 
-5.712237e-02 
6.247841e-02 
1.124754e-01 
6.780847e-02 
2.528928e-02 
-3.603007e-02 
-5.271759e-02 
1.614128e-02 
1.411705e-01 
1.901851e-01 
-1.551886e-03 
-2.142745e-01 
-1.613814e-01 
-9.886186e-04 
4.279476e-02 
-1.793291e-02 
-2.924915e-02 
7.004147e-02 
1.302230e-01 
4.154718e-02 
-8.344259e-02 
-1.065826e-01 
-7.995657e-02 
-8.387502e-02 
-5.075892e-02 
3.058375e-02 
8.618909e-02 
1.430109e-02 
-6.526402e-02 
1.402461e-03 
2.743803e-02 
-3.291850e-02 
-5.495731e-02 
-6.054269e-02 
-3.958641e-02 
3.616050e-02 
7.029413e-02 
4.597818e-02 
3.885593e-02 
2.315679e-02 
6.048943e-03 
4.545075e-02 
5.891295e-02 
2.954762e-02 
2.299916e-02 
-2.450284e-02 
-8.631242e-02 
-8.806340e-02 
-8.982703e-02 
-8.276164e-02 
-4.419778e-02 
-2.993356e-02 
-5.907258e-02 
-5.233365e-02 
2.621665e-02 
8.858038e-02 
8.496255e-02 
6.742289e-02 
7.429682e-02 
7.090603e-02 
-1.128712e-02 
-6.857782e-02 
-1.068408e-02 
9.023819e-02 
1.169773e-01 
1.658570e-02 
-7.852995e-02 
-5.255659e-02 
-6.117836e-03 
-8.689024e-03 
-6.175967e-02 
-7.871148e-02 
-4.476072e-02 
-3.643797e-03 
4.717013e-02 
5.269197e-02 
4.022686e-02 
4.298029e-02 
1.597718e-02 
-3.436863e-02 
-1.354529e-02 
1.065732e-02 
-2.477176e-02 
-1.870325e-02 
3.250957e-02 
3.449072e-02 
-1.103849e-02 
-2.498210e-02 
-9.424369e-04 
1.976360e-02 
2.780797e-02 
5.020279e-02 
4.278564e-02 
2.847272e-02 
4.148578e-02 
5.724919e-02 
1.088519e-01 
1.658091e-01 
1.476294e-01 
1.028557e-01 
9.396835e-02 
4.245236e-02 
-7.596395e-02 
-7.359877e-02 
3.559370e-02 
4.151904e-02 
2.267597e-02 
3.269731e-02 
1.468780e-02 
-3.691827e-02 
-1.272752e-01 
-1.687945e-01 
-8.987414e-02 
2.099519e-02 
1.218551e-03 
-4.859620e-02 
-7.797209e-02 
-1.165566e-01 
-5.163750e-02 
7.612273e-02 
4.313344e-02 
-5.426915e-02 
-3.911399e-02 
5.411036e-03 
2.824895e-02 
3.426455e-02 
4.127477e-02 
8.210033e-02 
1.543718e-01 
1.273833e-01 
-6.368482e-02 
-1.301597e-01 
-4.056825e-03 
1.546681e-02 
-8.245084e-02 
-1.610666e-01 
-1.602459e-01 
-3.513528e-02 
9.479663e-02 
1.272796e-01 
4.477053e-02 
-1.304433e-01 
-1.153457e-01 
1.019806e-01 
1.561773e-01 
-1.008375e-02 
-1.323595e-01 
-6.960425e-02 
5.302925e-02 
7.539652e-02 
4.433472e-02 
4.362863e-02 
-8.362352e-03 
-1.032527e-01 
-1.263186e-01 
-4.193738e-02 
6.942500e-02 
6.264473e-02 
-6.553529e-03 
3.520318e-02 
1.315946e-01 
1.248186e-01 
-1.369584e-02 
-1.392443e-01 
-9.425001e-02 
3.751861e-02 
3.214391e-02 
-3.248867e-02 
-6.030671e-02 
-6.533895e-02 
-6.865235e-02 
-7.531191e-02 
-7.353830e-02 
-7.114792e-02 
-6.868383e-02 
-3.701574e-02 
-2.031109e-02 
-3.348652e-02 
-6.229776e-02 
-8.341189e-02 
-6.419694e-02 
-1.052902e-02 
1.386765e-02 
-1.297839e-02 
-4.257962e-02 
-2.894730e-02 
1.644117e-02 
5.147670e-02 
6.983978e-02 
4.590651e-02 
-4.598564e-03 
-9.696650e-03 
3.902744e-02 
5.763312e-02 
-9.413272e-03 
-5.907355e-02 
-1.680101e-02 
8.747799e-03 
-4.422115e-02 
-5.867826e-02 
6.917411e-04 
3.223487e-02 
-3.005978e-03 
-2.941860e-02 
4.737065e-03 
5.090874e-02 
5.015188e-02 
-8.280589e-03 
-5.811270e-02 
-4.103257e-02 
8.999435e-03 
3.305903e-02 
1.603112e-02 
-2.798944e-02 
-6.734844e-02 
-7.188018e-02 
-2.547106e-02 
1.941855e-02 
-2.545788e-03 
-4.525813e-02 
-2.387785e-02 
3.081432e-02 
3.194518e-02 
4.184545e-04 
6.061640e-03 
-3.135009e-03 
-3.412191e-02 
-4.361590e-02 
1.531114e-02 
8.442747e-02 
5.269156e-02 
-3.641094e-02 
-6.226467e-02 
-3.351277e-02 
-2.115754e-02 
3.063157e-02 
8.285594e-02 
5.210054e-02 
-1.245630e-02 
-3.006366e-02 
-7.892573e-03 
5.500543e-03 
3.028465e-02 
3.965285e-02 
2.728879e-02 
9.865171e-03 
3.000059e-02 
6.114030e-02 
3.913683e-02 
-6.209707e-03 
-3.073480e-02 
-4.350171e-02 
-4.627730e-02 
-1.352737e-02 
3.782449e-02 
5.902511e-02 
2.641466e-02 
4.986518e-03 
1.898291e-02 
2.382267e-02 
3.840915e-03 
-1.895190e-02 
-4.509842e-02 
-5.859163e-02 
-5.479132e-02 
-2.016010e-02 
6.477059e-03 
-2.177072e-02 
-4.761040e-02 
-5.159120e-02 
-4.750434e-02 
-3.195237e-02 
-1.659272e-02 
-2.725728e-03 
-6.301993e-03 
-1.927693e-02 
-7.613948e-03 
5.281982e-03 
5.515341e-03 
-1.543687e-02 
-1.826964e-02 
2.879855e-02 
5.288945e-02 
2.502823e-02 
-1.395281e-02 
-2.789458e-02 
4.179990e-03 
5.033524e-02 
4.481015e-02 
8.929576e-03 
-5.764778e-03 
-7.755867e-03 
1.704926e-02 
5.013118e-02 
3.482929e-02 
-3.506207e-03 
1.132574e-02 
7.940602e-02 
9.623704e-02 
-1.006554e-02 
-9.089118e-02 
-9.123865e-03 
3.487478e-02 
-2.029453e-02 
-3.837719e-02 
-1.741547e-02 
2.634743e-03 
6.410278e-03 
-2.977696e-03 
-2.051219e-02 
-3.024023e-02 
-2.971156e-02 
-1.875546e-02 
1.986797e-02 
4.737341e-02 
2.444474e-02 
3.406313e-03 
1.344369e-02 
3.175463e-04 
-1.154415e-02 
2.241417e-02 
5.011145e-02 
2.177160e-02 
-1.363453e-02 
-1.537032e-02 
-7.436481e-03 
-7.262489e-03 
-1.627998e-02 
-9.408322e-03 
7.455358e-03 
4.302308e-03 
-2.636043e-03 
1.520595e-02 
1.551631e-02 
1.652714e-02 
5.178166e-02 
6.875938e-02 
2.658437e-02 
-2.051281e-03 
2.616612e-02 
3.825913e-02 
7.790039e-03 
-1.051088e-02 
8.628946e-03 
2.757197e-02 
2.107039e-02 
3.187030e-03 
-3.332519e-03 
7.186034e-03 
2.632994e-02 
3.579926e-02 
2.991826e-02 
1.331188e-02 
-3.005512e-03 
-6.364375e-03 
-7.436649e-03 
-2.740430e-02 
-3.984557e-02 
-2.562747e-02 
-1.724139e-02 
-3.534618e-02 
-2.956620e-02 
-5.041549e-03 
-2.110451e-02 
-5.659130e-02 
-4.981010e-02 
1.318981e-03 
2.040227e-02 
-7.892816e-03 
-2.549304e-02 
-1.011301e-02 
1.210362e-02 
2.312867e-02 
2.139690e-02 
1.986885e-02 
2.328094e-02 
2.288844e-02 
1.549006e-02 
1.439306e-02 
5.162093e-03 
-3.755613e-02 
-5.423526e-02 
-3.051453e-02 
-5.628106e-03 
2.253386e-02 
5.398397e-02 
6.555487e-02 
5.503981e-02 
4.797864e-02 
4.567320e-02 
6.620327e-02 
8.183232e-02 
4.628935e-02 
-1.029753e-02 
-1.001579e-02 
5.094677e-02 
5.675757e-02 
2.306686e-02 
4.005513e-02 
7.144180e-02 
5.008142e-02 
1.539952e-02 
1.789362e-02 
2.445561e-02 
1.476514e-03 
-3.864641e-02 
-5.263866e-02 
-2.389205e-02 
-9.880385e-03 
-3.743492e-02 
-6.111361e-02 
-3.145249e-02 
6.238840e-03 
-9.530361e-03 
-3.282352e-02 
-3.701578e-02 
-3.772461e-02 
-1.608979e-02 
1.534232e-02 
2.971749e-02 
3.462168e-02 
4.164606e-02 
3.679384e-02 
1.749738e-02 
-1.846652e-03 
-1.130898e-02 
-8.735772e-03 
-6.114387e-03 
-3.038011e-03 
1.789909e-02 
4.106367e-02 
2.609731e-02 
-2.156221e-02 
-4.698396e-02 
-2.169671e-02 
1.369950e-02 
2.814141e-02 
5.344299e-03 
-3.713824e-02 
-4.698198e-02 
-4.097570e-02 
-3.872388e-02 
-3.632472e-02 
-2.710243e-02 
-1.787070e-02 
1.085769e-02 
5.015089e-02 
4.918375e-02 
-1.616991e-02 
-5.512988e-02 
-2.044971e-02 
9.660366e-03 
1.533217e-02 
7.249031e-03 
-4.879172e-03 
7.388208e-04 
7.065607e-03 
1.655735e-03 
3.084614e-03 
1.270189e-02 
-9.063124e-03 
-3.553854e-02 
-2.286214e-02 
1.842417e-03 
2.645517e-02 
5.095863e-02 
3.845389e-02 
-9.461885e-03 
-2.022777e-02 
2.110256e-02 
2.241313e-02 
-2.988371e-02 
-4.234788e-02 
-1.244319e-02 
2.769934e-03 
9.912622e-04 
-1.011769e-02 
-2.563016e-02 
-2.573136e-02 
-2.229192e-02 
-2.088055e-02 
-1.186488e-02 
-5.762685e-03 
6.776379e-03 
2.060112e-02 
1.100812e-02 
-9.296994e-03 
-2.687001e-02 
-1.538726e-02 
2.366302e-02 
3.073146e-02 
5.601937e-04 
-1.336124e-02 
-2.431464e-03 
-1.456129e-03 
-4.278714e-03 
-4.193358e-04 
6.645320e-04 
-8.901223e-03 
-7.490846e-03 
5.828444e-03 
4.120471e-05 
-2.277763e-02 
-3.748453e-02 
-3.411042e-02 
-2.489739e-02 
-1.602664e-02 
3.784416e-03 
2.129289e-02 
1.729109e-02 
4.495441e-03 
-9.398066e-03 
-1.743874e-02 
-1.313940e-02 
-1.599527e-02 
-2.520989e-02 
-1.823868e-02 
-5.414011e-03 
-2.201605e-05 
-4.958171e-04 
-2.476519e-03 
-1.656745e-03 
8.603545e-04 
3.482593e-04 
-2.373456e-03 
-5.315468e-03 
-8.806967e-03 
-6.299480e-03 
2.913506e-03 
5.656070e-03 
1.688702e-03 
5.399517e-04 
1.121464e-03 
-1.053067e-03 
-2.641880e-03 
-1.289834e-03 
2.218896e-04 
6.271008e-04 
8.617334e-05 
7.446602e-05 
1.519218e-03 
2.813278e-03 
3.156989e-03 
3.078532e-03 
3.208043e-03 
3.426723e-03 
3.532092e-03 
3.702095e-03 
4.056780e-03 
4.476133e-03 
4.774312e-03 
5.010347e-03 
5.250033e-03 
5.490064e-03 
5.733379e-03 
5.964367e-03 
6.183661e-03 
6.398234e-03 
6.600952e-03 
6.788511e-03 
6.962448e-03 
7.122274e-03 
