1 
2.000000e-02 
-9.722842e-03 
-9.791733e-03 
-9.793887e-03 
-9.635913e-03 
-9.652314e-03 
-9.757458e-03 
-9.275158e-03 
-8.813517e-03 
-9.522396e-03 
-9.627496e-03 
-7.195264e-03 
-6.255206e-03 
-9.055674e-03 
-9.835917e-03 
-6.796479e-03 
-4.689434e-03 
-6.488787e-03 
-8.607691e-03 
-6.048309e-03 
-3.482515e-03 
-4.892737e-03 
-5.628868e-03 
-2.501703e-03 
-8.863351e-06 
-3.978756e-03 
-4.973314e-03 
2.958889e-03 
4.844265e-03 
-3.279376e-03 
-4.318609e-03 
4.207771e-03 
5.714946e-03 
3.626387e-03 
6.239092e-03 
2.696381e-03 
-5.278375e-03 
-2.507205e-03 
1.053423e-02 
1.484192e-02 
-6.834344e-04 
-1.272266e-02 
5.584633e-03 
2.744901e-02 
1.695792e-02 
-1.413400e-03 
7.565090e-04 
6.165412e-03 
6.063577e-03 
1.399046e-02 
2.631766e-02 
1.985729e-02 
-4.140246e-03 
-7.983968e-03 
1.271057e-02 
2.172872e-02 
5.297264e-03 
-1.595597e-02 
-2.162038e-02 
-9.012784e-03 
8.751491e-03 
1.547898e-02 
6.207941e-03 
-6.774189e-03 
2.017608e-02 
5.281828e-02 
1.556980e-02 
-7.477692e-03 
1.374864e-02 
2.731860e-02 
2.611393e-02 
2.930434e-02 
2.353184e-02 
-1.409611e-02 
-4.585720e-02 
-2.595148e-02 
3.082311e-02 
7.135229e-02 
4.837105e-02 
-3.188176e-02 
-7.367431e-02 
-6.697345e-03 
6.567081e-02 
2.617861e-02 
-4.371066e-02 
-3.739883e-02 
3.614271e-03 
2.472479e-02 
3.499739e-02 
4.977547e-02 
6.332675e-02 
5.730805e-02 
2.779666e-02 
1.745250e-03 
6.315240e-03 
2.153349e-02 
-1.294405e-02 
-8.070207e-02 
-8.833153e-02 
-3.972184e-03 
1.052611e-01 
9.212927e-02 
-5.359187e-02 
-1.074491e-01 
-3.307725e-03 
7.929261e-02 
4.678997e-02 
-1.909957e-02 
-2.933137e-02 
2.144929e-02 
6.164931e-02 
3.979662e-02 
-2.143826e-02 
-6.699541e-02 
-5.678760e-02 
-1.451732e-02 
1.564209e-02 
1.152483e-02 
-1.044884e-02 
-2.147621e-02 
-2.262975e-02 
-2.149713e-02 
-1.986327e-02 
-1.102059e-02 
-9.416599e-04 
5.304259e-03 
1.689694e-02 
3.011013e-02 
1.217910e-02 
-4.230226e-02 
-7.697079e-02 
-5.146690e-02 
3.153433e-03 
2.445143e-02 
-1.304472e-02 
-5.588778e-02 
-7.265096e-02 
-7.474822e-02 
-6.139442e-02 
-3.961273e-02 
-2.587121e-02 
-2.440816e-02 
-3.061737e-02 
-3.076769e-02 
-3.881680e-02 
-7.158215e-02 
-9.005839e-02 
-5.239956e-02 
1.863019e-02 
6.271566e-02 
4.565755e-02 
1.767448e-02 
3.659280e-02 
7.632933e-02 
8.429968e-02 
5.739221e-02 
5.119607e-02 
8.978731e-02 
1.323885e-01 
1.225696e-01 
7.681609e-02 
5.328172e-02 
6.177779e-02 
6.601498e-02 
6.311943e-02 
7.341419e-02 
7.810591e-02 
4.313033e-02 
-1.286502e-02 
-4.193533e-02 
-5.365617e-02 
-7.895466e-02 
-8.984899e-02 
-8.451399e-02 
-1.056768e-01 
-1.214877e-01 
-8.105196e-02 
-1.835445e-02 
3.215407e-02 
4.997188e-02 
2.419739e-02 
-3.824179e-02 
-9.332248e-02 
-9.280176e-02 
-6.748198e-02 
-8.488550e-02 
-1.325538e-01 
-1.404013e-01 
-8.804834e-02 
-3.687369e-02 
-5.059200e-02 
-9.308782e-02 
-6.974951e-02 
-2.121202e-04 
3.359139e-02 
3.255127e-02 
4.370766e-02 
6.057798e-02 
3.646406e-02 
2.946589e-03 
2.325358e-02 
8.665130e-02 
1.071973e-01 
1.258529e-02 
-9.594678e-02 
-9.509162e-02 
-3.077045e-02 
2.326789e-02 
2.050439e-02 
-1.117873e-02 
-1.063705e-02 
-8.399784e-03 
-5.654341e-02 
-1.023411e-01 
-7.891850e-02 
1.168850e-02 
9.909354e-02 
1.384118e-01 
1.553415e-01 
1.486916e-01 
7.177187e-02 
-4.277840e-02 
-9.036961e-02 
-8.312817e-02 
-9.012512e-02 
-1.220405e-01 
-1.591245e-01 
-1.732350e-01 
-1.413604e-01 
-1.306138e-01 
-1.537295e-01 
-5.771334e-02 
1.139676e-01 
1.032138e-01 
2.459927e-02 
9.695354e-02 
2.443367e-01 
3.682068e-01 
4.093750e-01 
3.094107e-01 
1.447630e-01 
8.762871e-02 
1.276260e-01 
1.111662e-01 
2.387376e-02 
-5.920214e-02 
-1.265905e-01 
-1.563303e-01 
-1.709702e-01 
-1.890423e-01 
-2.319887e-01 
-2.547148e-01 
-1.875002e-01 
-3.835785e-02 
1.686115e-01 
2.675148e-01 
2.163773e-01 
1.478339e-01 
9.139346e-02 
8.957724e-02 
1.251033e-01 
1.171453e-01 
4.421271e-02 
8.921569e-02 
1.740224e-01 
3.773843e-02 
-2.572587e-02 
6.642595e-02 
7.377772e-02 
-3.315585e-02 
-1.146532e-01 
-8.026374e-02 
3.516027e-02 
1.077274e-01 
6.322065e-02 
-2.959289e-02 
-1.168421e-01 
-1.643557e-01 
-1.150705e-01 
-3.134599e-02 
-1.870000e-02 
-6.938216e-02 
-9.274528e-02 
-7.044319e-02 
-4.362234e-02 
-1.186371e-02 
-6.259956e-03 
-5.545436e-02 
-8.788443e-02 
-6.675026e-02 
-8.805253e-03 
5.588944e-02 
1.177488e-01 
1.440657e-01 
5.713465e-02 
-7.916034e-02 
-1.290587e-01 
-7.938780e-02 
2.501100e-02 
8.014600e-02 
6.568176e-02 
4.148933e-02 
1.569870e-02 
5.094618e-03 
-1.162245e-02 
-3.585174e-02 
-3.772677e-02 
-5.735193e-02 
-6.646124e-02 
-1.798096e-02 
2.829249e-02 
4.398541e-02 
1.424236e-02 
-6.540841e-02 
-1.195024e-01 
-1.085319e-01 
-1.501016e-02 
3.824775e-02 
-1.329644e-02 
-4.331077e-02 
-4.833643e-03 
1.542217e-02 
1.474143e-02 
3.418793e-02 
6.076689e-03 
-5.023931e-02 
-7.251415e-02 
-6.597129e-02 
-3.932531e-02 
7.205909e-03 
-1.769609e-03 
-6.543126e-02 
-9.072991e-02 
-6.754119e-02 
-4.634784e-02 
-5.814097e-02 
-9.032784e-02 
-1.245116e-01 
-1.168886e-01 
-6.112822e-02 
5.214316e-03 
1.322464e-02 
-3.818453e-02 
-2.617611e-02 
1.586076e-02 
-1.382113e-02 
4.506342e-02 
1.455955e-01 
2.103283e-01 
2.841391e-01 
3.366443e-01 
3.375172e-01 
1.748318e-01 
7.415345e-02 
1.009327e-01 
8.527305e-03 
-7.029890e-02 
-2.440566e-02 
5.000112e-02 
5.260452e-03 
-7.616315e-02 
-4.348231e-02 
3.419956e-02 
8.950869e-02 
7.801381e-02 
-2.941131e-02 
-9.609501e-02 
-4.396728e-02 
1.421606e-03 
-1.762877e-02 
-5.859224e-02 
-8.903458e-02 
-6.860108e-02 
-4.748485e-02 
-2.185197e-02 
4.687612e-02 
4.127127e-02 
-4.842859e-02 
-1.085354e-01 
-1.030763e-01 
-6.663118e-02 
-4.142526e-02 
-3.745294e-02 
5.261703e-02 
1.372084e-01 
1.187522e-01 
9.923073e-02 
8.178788e-02 
3.583550e-02 
1.705106e-02 
-2.585570e-02 
-6.578514e-02 
-8.609925e-02 
-1.024655e-01 
-1.076115e-01 
-1.077055e-01 
-6.848262e-02 
6.283070e-03 
7.589330e-02 
7.689438e-02 
-3.210636e-02 
-1.292968e-01 
-1.428825e-01 
-1.492175e-01 
-1.543877e-01 
-1.286559e-01 
-7.826855e-02 
-6.138167e-02 
-1.592849e-02 
3.706635e-02 
4.004576e-02 
1.636304e-02 
7.796255e-03 
1.355234e-02 
-2.053773e-02 
-4.578550e-02 
2.639146e-03 
8.620938e-02 
1.224743e-01 
8.760096e-02 
6.640605e-02 
4.277151e-02 
7.024946e-03 
7.711170e-03 
2.794894e-02 
5.357398e-02 
9.700805e-02 
1.020813e-01 
3.458800e-02 
-4.333857e-02 
-8.369310e-02 
-4.234083e-02 
3.364526e-02 
3.226312e-02 
-2.053199e-03 
5.032048e-02 
9.599730e-02 
5.608368e-02 
1.986129e-02 
4.220014e-02 
9.237534e-02 
8.741928e-02 
6.191248e-02 
8.499982e-02 
5.181163e-02 
-1.736090e-02 
-5.304251e-02 
-1.015258e-01 
-1.587381e-01 
-1.534041e-01 
-8.626011e-02 
3.914209e-02 
1.151320e-01 
3.298888e-02 
-4.847753e-02 
-7.967697e-02 
-1.207696e-01 
-6.307426e-02 
5.127198e-02 
8.583262e-02 
2.974741e-02 
-1.748675e-02 
1.299563e-02 
4.209365e-02 
7.154315e-03 
-1.074147e-02 
1.709785e-02 
6.406513e-02 
3.417083e-02 
-6.670374e-02 
-4.984814e-02 
2.037495e-02 
-2.254921e-02 
-6.468082e-02 
7.552413e-03 
8.940211e-02 
8.922700e-02 
3.284832e-02 
-5.060353e-02 
-1.524065e-01 
-1.555821e-01 
4.186598e-03 
1.656620e-01 
1.450413e-01 
1.864588e-02 
-3.093853e-03 
1.494530e-02 
-5.352407e-02 
-9.566525e-02 
-7.679442e-02 
-1.081198e-01 
-1.131862e-01 
-1.591645e-02 
5.358435e-02 
5.258153e-02 
6.301415e-02 
5.614179e-02 
1.347502e-02 
4.277816e-02 
9.014255e-02 
9.392945e-03 
1.359423e-02 
1.259009e-01 
-2.925495e-02 
-8.806089e-02 
3.949025e-02 
6.243493e-02 
7.361664e-02 
1.461040e-01 
1.984085e-01 
1.269338e-01 
-3.035982e-02 
-9.961040e-02 
-5.341156e-02 
-2.548719e-02 
3.441611e-03 
4.218674e-02 
1.362213e-02 
-4.584415e-02 
2.108134e-03 
2.329755e-02 
-2.277978e-02 
-4.454946e-02 
-3.835065e-02 
-1.140943e-02 
-3.164489e-04 
-1.713314e-02 
-5.309829e-02 
-6.229567e-02 
-3.540197e-02 
1.272391e-02 
3.293598e-02 
2.678095e-02 
6.361614e-03 
-1.437693e-02 
-3.726793e-02 
-3.106113e-02 
-9.075072e-03 
-5.664697e-02 
-6.626120e-02 
1.650713e-02 
4.649897e-02 
1.636145e-02 
1.410574e-02 
5.915669e-02 
6.643651e-02 
-4.236435e-03 
-5.929294e-02 
-5.455857e-02 
-4.825207e-02 
-1.752774e-02 
3.146161e-02 
4.428118e-02 
-6.836100e-03 
-2.567456e-02 
5.437964e-03 
-2.373930e-03 
-1.565543e-02 
-8.698575e-03 
2.283125e-02 
3.299193e-02 
6.395836e-03 
1.036832e-02 
2.115612e-02 
-2.147708e-02 
-4.846657e-02 
2.966011e-03 
3.120614e-02 
-7.421632e-03 
-3.386352e-02 
-1.233553e-02 
-2.462788e-02 
-4.756458e-02 
-4.073085e-02 
-6.131871e-02 
-8.954723e-02 
-7.631190e-02 
-4.279924e-02 
-2.763651e-02 
-4.984293e-02 
-6.449990e-02 
-7.214379e-02 
-8.906558e-02 
-8.337371e-02 
-5.033794e-02 
-1.464729e-02 
-2.168972e-02 
-5.866956e-02 
-4.791657e-02 
-2.701694e-02 
-5.160322e-02 
-6.471372e-02 
-2.887598e-02 
9.772568e-03 
1.724831e-02 
3.245853e-02 
8.168014e-02 
3.955266e-02 
6.486773e-03 
1.836798e-01 
2.718580e-01 
1.007813e-01 
-7.489551e-02 
-7.271880e-02 
4.100756e-02 
1.364077e-01 
1.847861e-01 
1.554592e-01 
9.782972e-02 
1.006687e-01 
7.158910e-02 
-2.532473e-03 
-1.573269e-03 
6.941326e-02 
4.400644e-02 
-6.945717e-02 
-1.190045e-01 
-1.038237e-01 
-6.720652e-02 
-2.865176e-02 
2.691830e-02 
3.595736e-02 
-4.957162e-02 
-1.127380e-01 
-9.332453e-02 
-1.727509e-02 
2.669361e-02 
3.426086e-02 
5.138539e-02 
8.700824e-02 
8.166481e-02 
2.185648e-02 
-3.665376e-02 
-8.091839e-02 
-5.791130e-02 
-9.904570e-03 
-2.980289e-02 
-1.027977e-01 
-1.567982e-01 
-1.168834e-01 
-1.106822e-02 
-1.004517e-02 
-1.200433e-01 
-7.115604e-02 
7.986460e-02 
9.157731e-02 
4.190387e-02 
3.936633e-02 
5.553982e-02 
2.553727e-02 
-3.216529e-03 
4.405146e-02 
1.083552e-01 
1.273273e-01 
1.283827e-01 
1.210528e-01 
8.267423e-02 
2.477445e-02 
-4.356020e-02 
-7.890598e-02 
-1.423019e-02 
7.099906e-02 
6.155841e-02 
-5.559250e-02 
-1.425670e-01 
-9.270184e-02 
-3.814589e-02 
-4.572918e-02 
-5.341810e-02 
-1.925440e-02 
9.568282e-03 
-9.934674e-03 
-6.011880e-02 
-8.029043e-02 
-6.654719e-02 
-4.098910e-02 
-2.906297e-02 
-2.834780e-02 
-8.851700e-03 
2.376258e-02 
4.626605e-02 
3.966367e-02 
1.985789e-02 
4.097318e-03 
-3.105090e-02 
-5.912132e-02 
-2.910507e-02 
3.369535e-02 
6.037097e-02 
3.453214e-02 
1.741001e-02 
1.685622e-02 
1.713245e-02 
2.491481e-02 
3.665904e-02 
4.620794e-02 
3.006669e-02 
-8.453583e-03 
-2.808255e-02 
1.070927e-02 
6.335515e-02 
5.313380e-02 
5.505947e-03 
-1.426178e-02 
-1.530500e-02 
-1.397490e-02 
1.365984e-02 
2.433599e-02 
-1.760293e-02 
-5.691570e-02 
-3.622380e-02 
1.154610e-02 
4.481645e-03 
-2.760855e-02 
-2.235519e-02 
-2.796716e-03 
7.074053e-03 
2.657884e-02 
3.866344e-02 
4.962491e-03 
-3.217015e-02 
-2.110897e-02 
8.022687e-05 
-6.683167e-03 
-3.000478e-02 
-1.702752e-02 
2.273969e-02 
3.055792e-02 
2.774905e-02 
4.775133e-02 
5.584226e-02 
5.335114e-02 
6.818347e-02 
4.240516e-02 
-4.969980e-02 
-9.211920e-02 
-3.505090e-02 
-2.447025e-03 
1.277838e-02 
7.233688e-02 
5.910320e-02 
9.874440e-04 
3.288718e-03 
2.472655e-02 
2.691935e-02 
5.072045e-02 
3.295639e-02 
-4.536195e-02 
-4.879519e-02 
-9.469773e-05 
2.651957e-02 
2.176292e-02 
2.217086e-03 
-1.126917e-02 
-2.180455e-02 
-4.174622e-02 
-4.627928e-02 
-2.880184e-03 
2.136163e-02 
-1.993676e-02 
-5.272023e-02 
-2.032587e-02 
8.689709e-03 
-1.537220e-03 
-1.380294e-02 
-1.372510e-02 
4.877203e-03 
2.634393e-02 
1.499748e-03 
-2.263013e-02 
-6.149433e-03 
1.725314e-02 
1.894916e-02 
2.690747e-03 
-1.690544e-03 
1.528047e-02 
2.543871e-02 
5.850114e-03 
-2.093195e-02 
-3.237541e-02 
-2.286914e-02 
5.764688e-03 
2.331417e-02 
1.245022e-02 
-1.588362e-02 
-4.299608e-02 
-4.755359e-02 
-2.445116e-02 
-2.419457e-03 
8.279801e-03 
1.482290e-02 
-3.950118e-03 
-4.546735e-02 
-5.922655e-02 
-2.945580e-02 
-7.456658e-03 
-1.966783e-03 
1.878673e-02 
3.820995e-02 
4.158384e-02 
2.642573e-02 
-2.156040e-02 
-5.271568e-02 
-2.721345e-02 
2.707709e-03 
1.413507e-03 
5.589351e-03 
2.441641e-02 
1.600039e-02 
-1.449421e-02 
-3.290536e-02 
-3.399192e-02 
-2.590586e-02 
-1.631120e-02 
-1.861408e-02 
-1.685057e-02 
7.778476e-03 
1.480445e-02 
-4.863937e-03 
-1.986131e-02 
-1.947629e-02 
4.642390e-03 
3.349988e-02 
3.630666e-02 
3.556746e-02 
3.958615e-02 
2.597396e-02 
-4.350739e-03 
-3.352014e-02 
-3.409954e-02 
1.603805e-02 
5.849429e-02 
3.341150e-02 
-2.143955e-02 
-3.559727e-02 
-8.397310e-03 
1.290033e-02 
7.750444e-03 
-1.002556e-02 
-1.718812e-02 
-1.561770e-02 
-1.889030e-02 
-1.431686e-02 
1.259897e-02 
3.104221e-02 
1.466903e-02 
-1.603838e-02 
-3.491534e-02 
-3.083059e-02 
-1.630147e-02 
-8.367232e-03 
1.436008e-03 
6.981863e-03 
-7.384697e-04 
1.348773e-03 
2.016468e-02 
1.932286e-02 
3.105598e-03 
2.756699e-03 
3.368751e-03 
-1.101825e-02 
-2.605993e-02 
-2.272936e-02 
-9.857798e-03 
4.142386e-03 
1.267116e-02 
1.847904e-02 
2.006455e-02 
1.813995e-02 
1.878629e-02 
1.837114e-02 
1.503829e-02 
1.640923e-02 
2.111363e-02 
2.475067e-02 
3.503916e-02 
3.651269e-02 
1.064879e-02 
-7.472521e-03 
-4.110920e-03 
-1.917147e-02 
-3.385409e-02 
-3.412655e-02 
-2.866238e-02 
-5.464169e-03 
3.738426e-02 
6.706647e-02 
5.662671e-02 
3.474473e-02 
1.795936e-02 
1.814995e-02 
3.925747e-02 
5.196010e-02 
2.513035e-02 
-2.651538e-03 
8.218516e-03 
2.115990e-02 
2.129059e-02 
1.084097e-02 
-1.136711e-02 
-1.595655e-02 
-7.765779e-03 
-1.617161e-02 
-3.241071e-02 
-5.123266e-02 
-6.098287e-02 
-6.102700e-02 
-6.997767e-02 
-7.570788e-02 
-5.632497e-02 
-2.069813e-02 
-5.797973e-03 
-2.116361e-02 
-3.022809e-02 
-2.152208e-02 
-2.969505e-02 
-5.981981e-02 
-2.915388e-02 
4.729328e-02 
4.259888e-02 
1.629064e-02 
3.783576e-02 
5.284541e-02 
3.334372e-02 
1.893779e-02 
1.710575e-02 
1.467102e-02 
3.173865e-02 
4.437720e-02 
2.920795e-02 
2.109374e-02 
4.077010e-02 
4.684459e-02 
2.311986e-02 
1.436349e-02 
3.465598e-02 
3.108027e-02 
-3.869536e-03 
-3.128405e-02 
-3.053688e-02 
-1.691627e-02 
-1.105696e-02 
-1.190991e-02 
-1.231357e-02 
-1.006181e-02 
-1.380189e-02 
-1.570976e-02 
-1.326384e-02 
-1.841882e-02 
-2.822306e-02 
-3.169788e-02 
-1.879231e-02 
1.347576e-03 
-4.706619e-03 
-2.355490e-02 
-2.718605e-02 
-2.024875e-02 
-1.235943e-02 
4.220187e-03 
1.763773e-02 
1.315983e-02 
4.223154e-03 
1.704314e-03 
-5.959546e-03 
-7.560143e-03 
8.100463e-03 
1.628886e-02 
-3.594599e-03 
-1.779496e-02 
-4.691564e-04 
1.649795e-02 
1.887971e-02 
1.297015e-02 
-6.867020e-03 
-1.893486e-02 
-4.394785e-03 
4.578671e-03 
-6.318536e-03 
3.134940e-02 
7.837678e-02 
2.281469e-02 
-2.288015e-02 
-1.222889e-02 
-7.325361e-03 
-4.232772e-03 
1.432625e-03 
-4.201044e-03 
-1.120131e-02 
-6.539810e-03 
1.321937e-03 
2.911777e-03 
1.323148e-04 
-9.274603e-04 
-1.022734e-03 
7.637447e-04 
5.046266e-03 
7.312627e-03 
6.157689e-03 
2.154783e-03 
1.301488e-03 
5.858833e-03 
3.302750e-03 
-2.367676e-03 
-1.051410e-03 
1.203767e-03 
-2.339016e-03 
-7.358700e-03 
-7.471062e-03 
-4.250673e-03 
-3.508741e-03 
-1.136960e-02 
-1.694108e-02 
-1.427379e-02 
-9.200258e-03 
-6.109578e-03 
-4.568470e-03 
-2.953145e-03 
1.941962e-03 
4.944937e-03 
2.628193e-03 
1.125787e-03 
1.962441e-03 
2.020511e-03 
1.171634e-03 
3.664596e-04 
1.492634e-04 
1.652198e-04 
3.949095e-04 
7.552133e-04 
6.586607e-04 
5.592384e-04 
6.188420e-04 
3.465006e-04 
-1.086632e-04 
-1.959904e-04 
1.136564e-04 
2.765440e-04 
2.604949e-04 
3.440914e-04 
4.717763e-04 
5.617469e-04 
6.457369e-04 
7.649438e-04 
9.036705e-04 
1.029275e-03 
1.147762e-03 
1.272491e-03 
1.406300e-03 
1.548670e-03 
1.697433e-03 
1.851714e-03 
